0 0
1 0
1 0
100001 0
100001 0
200001 0
200001 0
205001 0
205001 -5641.0923
205100 -5678.7935
205200 -5786.2629
205300 -5835.8265
205400 -5780.8384
205500 -5686.0848
205600 -5641.2054
205700 -5684.8632
205800 -5779.474
205900 -5835.7191
206000 -5787.7117
206100 -5680.1729
206200 -5644.6638
206300 -5728.0394
206400 -5822.6279
206500 -5821.0263
206600 -5735.612
206700 -5654.8702
206800 -5651.0962
206900 -5727.5022
207000 -5816.1951
207100 -5826.7925
207200 -5737.4016
207300 -5647.6967
207400 -5672.823
207500 -5779.5656
207600 -5835.9909
207700 -5786.8564
207800 -5691.7272
207900 -5641.4685
208000 -5679.5258
208100 -5773.2314
208200 -5834.9208
208300 -5794.032
208400 -5686.5928
208500 -5642.8603
208600 -5720.4272
208700 -5818.6754
208800 -5824.5269
208900 -5742.2824
209000 -5658.3763
209100 -5648.4421
209200 -5720.939
209300 -5811.8193
209400 -5829.6376
209500 -5745.0503
209600 -5650.8345
209700 -5667.266
209800 -5772.6017
209900 -5835.6293
210000 -5792.6563
210100 -5697.5927
210200 -5642.1611
210300 -5674.4629
210400 -5766.8398
210500 -5833.6145
210600 -5800.0052
210700 -5693.332
210800 -5641.6807
210900 -5712.91
211000 -5814.2509
211100 -5827.5971
211200 -5748.952
211300 -5662.2441
211400 -5646.1896
211500 -5714.4719
211600 -5807.0901
211700 -5831.9652
211800 -5752.6381
211900 -5654.5397
212000 -5662.161
212100 -5765.4113
212200 -5834.738
212300 -5798.2079
212400 -5703.6563
212500 -5643.2803
212600 -5669.6956
212700 -5760.3306
212800 -5831.8124
212900 -5805.5992
213000 -5700.3449
213100 -5641.1336
213200 -5705.5366
213300 -5809.3752
213400 -5830.2163
213500 -5755.5896
213600 -5666.4578
213700 -5644.3478
213800 -5708.1294
213900 -5802.0342
214000 -5833.7678
214100 -5760.1184
214200 -5658.7859
214300 -5657.5436
214400 -5758.0365
214500 -5833.3161
214600 -5803.4817
214700 -5709.8918
214800 -5644.8219
214900 -5665.2436
215000 -5753.7354
215100 -5829.5292
215200 -5810.7851
215300 -5707.5847
215400 -5641.2228
215500 -5698.3556
215600 -5804.0722
215700 -5832.3663
215800 -5762.1639
215900 -5671
216000 -5642.924
216100 -5701.9394
216200 -5796.6796
216300 -5835.0412
216400 -5767.4459
216500 -5663.5433
216600 -5653.4461
216700 -5750.5215
216800 -5831.3659
216900 -5808.4489
217000 -5716.272
217100 -5646.7795
217200 -5661.1251
217300 -5747.0857
217400 -5826.7817
217500 -5815.5367
217600 -5715.0032
217700 -5641.9477
217800 -5691.4147
217900 -5798.3689
218000 -5834.0309
218100 -5768.6434
218200 -5675.8521
218300 -5641.9239
218400 -5695.9287
218500 -5791.0554
218600 -5835.7839
218700 -5774.577
218800 -5668.7786
218900 -5649.8974
219000 -5742.9119
219100 -5828.8924
219200 -5813.0818
219300 -5722.769
219400 -5649.1455
219500 -5657.3571
219600 -5740.4127
219700 -5823.5889
219800 -5819.8309
219900 -5722.552
220000 -5643.3031
220100 -5684.7604
220200 -5792.2952
220300 -5835.1961
220400 -5774.9964
220500 -5680.9941
220600 -5641.3514
220700 -5690.1232
220800 -5785.1913
220900 -5835.9977
221000 -5781.4702
221100 -5674.4554
221200 -5646.9226
221300 -5735.2546
221400 -5825.9042
221500 -5817.3539
221600 -5729.3539
221700 -5651.9102
221800 -5653.9548
221900 -5733.7476
222000 -5819.9715
222100 -5823.6479
222200 -5730.182
222300 -5645.2793
222400 -5678.4379
222500 -5785.8838
222600 -5835.8502
222700 -5781.1916
222800 -5686.4044
222900 -5641.2089
223000 -5684.5476
223100 -5779.1178
223200 -5835.6869
223300 -5788.0859
223400 -5680.5345
223500 -5644.5428
223600 -5727.5977
223700 -5822.4126
223800 -5821.24
223900 -5735.997
224000 -5655.0627
224100 -5650.932
224200 -5727.1208
224300 -5815.9523
224400 -5826.9709
224500 -5737.8445
224600 -5647.8622
224700 -5672.4902
224800 -5779.17
224900 -5835.9844
225000 -5787.1978
225100 -5692.0604
225200 -5641.4969
225300 -5679.2254
225400 -5772.8657
225500 -5834.859
225600 -5794.387
225700 -5686.9741
225800 -5642.775
225900 -5719.9896
226000 -5818.4323
226100 -5824.7163
226200 -5742.6683
226300 -5658.5902
226400 -5648.3008
226500 -5720.5623
226600 -5811.5554
226700 -5829.7863
226800 -5745.491
226900 -5651.0335
227000 -5666.9583
227100 -5772.1919
227200 -5835.5922
227300 -5792.9842
227400 -5697.9381
227500 -5642.2142
227600 -5674.1791
227700 -5766.4665
227800 -5833.5237
227900 -5800.3391
228000 -5693.7304
228100 -5641.6318
228200 -5712.4794
228300 -5813.9811
228400 -5827.7609
228500 -5749.3368
228600 -5662.4784
228700 -5646.0719
228800 -5714.1016
228900 -5806.8065
229000 -5832.0837
229100 -5753.0738
229200 -5654.7706
229300 -5661.8805
229400 -5764.9896
229500 -5834.6702
229600 -5798.5206
229700 -5704.0123
229800 -5643.358
229900 -5669.4295
230000 -5759.9514
230100 -5831.6934
230200 -5805.9103
230300 -5700.7577
230400 -5641.1214
230500 -5705.1159
230600 -5809.08
230700 -5830.3535
230800 -5755.9717
230900 -5666.7115
231000 -5644.2541
231100 -5707.7672
231200 -5801.7325
231300 -5833.8559
231400 -5760.5465
231500 -5659.0472
231600 -5657.2923
231700 -5757.6055
231800 -5833.2177
231900 -5803.7774
232000 -5710.2569
232100 -5644.9238
232200 -5664.9963
232300 -5753.3522
232400 -5829.3828
232500 -5811.0718
232600 -5708.0091
232700 -5641.2474
232800 -5697.9475
232900 -5803.7532
233000 -5832.4759
233100 -5762.5413
233200 -5671.2722
233300 -5642.8546
233400 -5701.5868
233500 -5796.3616
233600 -5835.0985
233700 -5767.8638
233800 -5663.8332
233900 -5653.2257
234000 -5750.0838
234100 -5831.2371
234200 -5808.7261
234300 -5716.6447
234400 -5646.9052
234500 -5660.8977
234600 -5746.7003
234700 -5826.6091
234800 -5815.7975
234900 -5715.4365
235000 -5642.0089
235100 -5691.0218
235200 -5798.0276
235300 -5834.112
235400 -5769.0143
235500 -5676.1417
235600 -5641.8791
235700 -5695.5873
235800 -5790.7227
235900 -5835.8106
236000 -5774.9823
236100 -5669.0951
236200 -5649.7096
236300 -5742.4701
236400 -5828.7336
236500 -5813.3388
236600 -5723.1475
236700 -5649.2945
236800 -5657.1504
236900 -5740.027
237000 -5823.3911
237100 -5820.0647
237200 -5722.9913
237300 -5643.4005
237400 -5684.3855
237500 -5791.9335
237600 -5835.2479
237700 -5775.3591
237800 -5681.2997
237900 -5641.3315
238000 -5689.7944
238100 -5784.8457
238200 -5835.9939
238300 -5781.8605
238400 -5674.7963
238500 -5646.7686
238600 -5734.8116
238700 -5825.716
238800 -5817.5893
238900 -5729.7366
239000 -5652.082
239100 -5653.7697
239200 -5733.3632
239300 -5819.7499
239400 -5823.8536
239500 -5730.6245
239600 -5645.4122
239700 -5678.0835
239800 -5785.5036
239900 -5835.8722
240000 -5781.5443
240100 -5686.7249
240200 -5641.2138
240300 -5684.2328
240400 -5778.761
240500 -5835.6531
240600 -5788.459
240700 -5680.8973
240800 -5644.4238
240900 -5727.1561
241000 -5822.1957
241100 -5821.4523
241200 -5736.3822
241300 -5655.2565
241400 -5650.7692
241500 -5726.7395
241600 -5815.7082
241700 -5827.1476
241800 -5738.2873
241900 -5648.0297
242000 -5672.1587
242100 -5778.7735
242200 -5835.9761
242300 -5787.5386
242400 -5692.3944
242500 -5641.5267
242600 -5678.926
242700 -5772.4996
242800 -5834.7955
242900 -5794.7409
243000 -5687.3564
243100 -5642.6918
243200 -5719.5524
243300 -5818.1876
243400 -5824.9043
243500 -5743.0541
243600 -5658.8053
243700 -5648.161
243800 -5720.186
243900 -5811.2902
244000 -5829.9333
244100 -5745.9314
244200 -5651.2343
244300 -5666.652
244400 -5771.7813
244500 -5835.5534
244600 -5793.3113
244700 -5698.2841
244800 -5642.2687
244900 -5673.8963
245000 -5766.0927
245100 -5833.4312
245200 -5800.6718
245300 -5694.1296
245400 -5641.5851
245500 -5712.0493
245600 -5813.7099
245700 -5827.9233
245800 -5749.7216
245900 -5662.7139
246000 -5645.9556
246100 -5713.7317
246200 -5806.5218
246300 -5832.2005
246400 -5753.5092
246500 -5655.0034
246600 -5661.6016
246700 -5764.5674
246800 -5834.6007
246900 -5798.8324
247000 -5704.3689
247100 -5643.4371
247200 -5669.1644
247300 -5759.572
247400 -5831.5727
247500 -5806.2201
247600 -5701.1712
247700 -5641.1114
247800 -5704.6957
247900 -5808.7835
248000 -5830.4892
248100 -5756.3535
248200 -5666.9664
248300 -5644.1617
248400 -5707.4055
248500 -5801.4299
248600 -5833.9421
248700 -5760.9741
248800 -5659.3103
248900 -5657.0427
249000 -5757.1741
249100 -5833.1176
249200 -5804.0721
249300 -5710.6225
249400 -5645.027
249500 -5664.7501
249600 -5752.9689
249700 -5829.235
249800 -5811.357
249900 -5708.434
250000 -5641.2742
250100 -5697.5401
250200 -5803.4328
250300 -5832.5839
250400 -5762.9184
250500 -5671.5454
250600 -5642.7867
250700 -5701.2348
250800 -5796.0427
250900 -5835.1542
251000 -5768.2811
251100 -5664.1247
251200 -5653.0073
251300 -5749.6458
251400 -5831.1065
251500 -5809.0021
251600 -5717.0177
251700 -5647.0323
251800 -5660.6713
251900 -5746.3149
252000 -5826.435
252100 -5816.0569
252200 -5715.8701
252300 -5642.0723
252400 -5690.6299
252500 -5797.6851
252600 -5834.1914
252700 -5769.3849
252800 -5676.4321
252900 -5641.8358
253000 -5695.2466
253100 -5790.3892
253200 -5835.8356
253300 -5775.3868
253400 -5669.413
253500 -5649.5237
253600 -5742.0282
253700 -5828.5731
253800 -5813.5946
253900 -5723.5263
254000 -5649.4449
254100 -5656.9448
254200 -5739.6412
254300 -5823.192
254400 -5820.2969
254500 -5723.4308
254600 -5643.5
254700 -5684.0117
254800 -5791.5706
254900 -5835.298
255000 -5775.7213
255100 -5681.6062
255200 -5641.313
255300 -5689.4664
255400 -5784.4994
255500 -5835.9884
255600 -5782.2499
255700 -5675.1384
255800 -5646.6167
255900 -5734.3685
256000 -5825.526
256100 -5817.8233
256200 -5730.1194
256300 -5652.2551
256400 -5653.5857
256500 -5732.979
256600 -5819.527
256700 -5824.0576
256800 -5731.0671
256900 -5645.5471
257000 -5677.7303
257100 -5785.1224
257200 -5835.8925
257300 -5781.8962
257400 -5687.0462
257500 -5641.2202
257600 -5683.9189
257700 -5778.4036
257800 -5835.6175
257900 -5788.8311
258000 -5681.2613
258100 -5644.3069
258200 -5726.7147
258300 -5821.9771
258400 -5821.6632
258500 -5736.7674
258600 -5655.4516
258700 -5650.6076
258800 -5726.3586
258900 -5815.4628
259000 -5827.3225
259100 -5738.7302
259200 -5648.1991
259300 -5671.8287
259400 -5778.3761
259500 -5835.9661
259600 -5787.8786
259700 -5692.729
259800 -5641.5579
259900 -5678.6276
260000 -5772.1329
260100 -5834.7303
260200 -5795.0936
260300 -5687.7398
260400 -5642.6108
260500 -5719.1155
260600 -5817.9414
260700 -5825.0908
260800 -5743.4399
260900 -5659.0215
261000 -5648.0224
261100 -5719.8099
261200 -5811.0239
261300 -5830.0785
261400 -5746.3717
261500 -5651.437
261600 -5666.3474
261700 -5771.37
261800 -5835.5128
261900 -5793.6376
262000 -5698.6307
262100 -5642.3247
262200 -5673.6145
262300 -5765.7186
262400 -5833.3371
262500 -5801.0032
262600 -5694.5298
262700 -5641.5404
262800 -5711.6197
262900 -5813.4371
263000 -5828.0841
263100 -5750.1062
263200 -5662.9505
263300 -5645.8406
263400 -5713.3623
263500 -5806.236
263600 -5832.3155
263700 -5753.9442
263800 -5655.238
263900 -5661.3244
264000 -5764.1445
264100 -5834.5294
264200 -5799.1432
264300 -5704.726
264400 -5643.5175
264500 -5668.9005
264600 -5759.1923
264700 -5831.4505
264800 -5806.5285
264900 -5701.5854
265000 -5641.1034
265100 -5704.2763
265200 -5808.4855
265300 -5830.6232
265400 -5756.735
265500 -5667.2223
265600 -5644.0708
265700 -5707.0443
265800 -5801.1263
265900 -5834.0266
266000 -5761.4011
266100 -5659.5751
266200 -5656.7949
266300 -5756.7422
266400 -5833.0157
266500 -5804.3658
266600 -5710.9885
266700 -5645.1317
266800 -5664.505
266900 -5752.5853
267000 -5829.0855
267100 -5811.6408
267200 -5708.8596
267300 -5641.303
267400 -5697.1335
267500 -5803.1111
267600 -5832.6902
267700 -5763.2952
267800 -5671.8197
267900 -5642.7201
268000 -5700.8835
268100 -5795.7229
268200 -5835.208
268300 -5768.6977
268400 -5664.4178
268500 -5652.7906
268600 -5749.2075
268700 -5830.9743
268800 -5809.277
268900 -5717.3911
269000 -5647.1607
269100 -5660.4462
269200 -5745.9294
269300 -5826.2594
269400 -5816.3147
269500 -5716.3042
269600 -5642.1377
269700 -5690.239
269800 -5797.3414
269900 -5834.2691
270000 -5769.755
270100 -5676.7236
270200 -5641.7939
270300 -5694.9066
270400 -5790.0549
270500 -5835.8588
270600 -5775.7905
270700 -5669.7324
270800 -5649.3397
270900 -5741.5862
271000 -5828.4109
271100 -5813.8492
271200 -5723.9054
271300 -5649.5966
271400 -5656.7405
271500 -5739.2556
271600 -5822.9914
271700 -5820.5275
271800 -5723.8706
271900 -5643.6016
272000 -5683.6391
272100 -5791.2067
272200 -5835.3464
272300 -5776.0829
272400 -5681.9137
272500 -5641.2959
272600 -5689.1392
272700 -5784.1523
272800 -5835.9812
272900 -5782.6383
273000 -5675.4819
273100 -5646.4667
273200 -5733.9255
273300 -5825.3344
273400 -5818.0561
273500 -5730.5025
273600 -5652.4294
273700 -5653.4031
273800 -5732.5949
273900 -5819.3027
274000 -5824.2599
274100 -5731.5097
274200 -5645.6841
274300 -5677.3785
274400 -5784.7402
274500 -5835.911
274600 -5782.2475
274700 -5687.3683
274800 -5641.228
274900 -5683.6059
275000 -5778.0456
275100 -5835.5802
275200 -5789.2021
275300 -5681.6265
275400 -5644.192
275500 -5726.2735
275600 -5821.757
275700 -5821.8728
275800 -5737.1527
275900 -5655.6479
276000 -5650.4474
276100 -5725.9778
276200 -5815.2162
276300 -5827.4958
276400 -5739.1729
276500 -5648.3705
276600 -5671.5
276700 -5777.9778
276800 -5835.9542
276900 -5788.2178
277000 -5693.0644
277100 -5641.5905
277200 -5678.33
277300 -5771.7658
277400 -5834.6635
277500 -5795.4451
277600 -5688.1242
277700 -5642.5318
277800 -5718.679
277900 -5817.6936
278000 -5825.2758
278100 -5743.8257
278200 -5659.239
278300 -5647.8852
278400 -5719.4342
278500 -5810.7564
278600 -5830.2221
278700 -5746.8117
278800 -5651.6416
278900 -5666.0442
279000 -5770.9579
279100 -5835.4704
279200 -5793.963
279300 -5698.978
279400 -5642.3821
279500 -5673.3337
279600 -5765.3442
279700 -5833.2414
279800 -5801.3333
279900 -5694.9308
280000 -5641.4978
280100 -5711.1907
280200 -5813.1629
280300 -5828.2434
280400 -5750.4906
280500 -5663.1882
280600 -5645.727
280700 -5712.9933
280800 -5805.9492
280900 -5832.4288
281000 -5754.3788
281100 -5655.4743
281200 -5661.0489
281300 -5763.721
281400 -5834.4564
281500 -5799.453
281600 -5705.0837
281700 -5643.5994
281800 -5668.6375
281900 -5758.8123
282000 -5831.3267
282100 -5806.8355
282200 -5702.0004
282300 -5641.0976
282400 -5703.8575
282500 -5808.1862
282600 -5830.7557
282700 -5757.1164
282800 -5667.4794
282900 -5643.9812
283000 -5706.6837
283100 -5800.8217
283200 -5834.1094
283300 -5761.8277
283400 -5659.8415
283500 -5656.5489
283600 -5756.3099
283700 -5832.912
283800 -5804.6584
283900 -5711.3551
284000 -5645.2378
284100 -5664.2611
284200 -5752.2017
284300 -5828.9346
284400 -5811.9231
284500 -5709.2857
284600 -5641.334
284700 -5696.7278
284800 -5802.7881
284900 -5832.7949
285000 -5763.6716
285100 -5672.095
285200 -5642.655
285300 -5700.5328
285400 -5795.4022
285500 -5835.26
285600 -5769.1136
285700 -5664.7125
285800 -5652.5758
285900 -5748.7688
286000 -5830.8402
286100 -5809.5507
286200 -5717.7648
286300 -5647.2906
286400 -5660.2222
286500 -5745.5438
286600 -5826.0824
286700 -5816.5709
286800 -5716.7387
286900 -5642.2053
287000 -5689.8491
287100 -5796.9964
287200 -5834.3452
287300 -5770.1246
287400 -5677.016
287500 -5641.7534
287600 -5694.5673
287700 -5789.7198
287800 -5835.8802
287900 -5776.1934
288000 -5670.0533
288100 -5649.1577
288200 -5741.144
288300 -5828.2469
288400 -5814.1025
288500 -5724.2847
288600 -5649.7496
288700 -5656.5375
288800 -5738.8699
288900 -5822.7894
289000 -5820.7565
289100 -5724.3106
289200 -5643.7052
289300 -5683.2676
289400 -5790.8416
289500 -5835.3931
289600 -5776.444
289700 -5682.2219
289800 -5641.2802
289900 -5688.8128
290000 -5783.8046
290100 -5835.9722
290200 -5783.0258
290300 -5675.8267
290400 -5646.3188
290500 -5733.4825
290600 -5825.1412
290700 -5818.2876
290800 -5730.8857
290900 -5652.6051
291000 -5653.2218
291100 -5732.2109
291200 -5819.0771
291300 -5824.4606
291400 -5731.9525
291500 -5645.8231
291600 -5677.0279
291700 -5784.357
291800 -5835.9277
291900 -5782.5982
292000 -5687.6911
292100 -5641.2372
292200 -5683.2937
292300 -5777.687
292400 -5835.5412
292500 -5789.572
292600 -5681.9929
292700 -5644.0792
292800 -5725.8325
292900 -5821.5352
293000 -5822.081
293100 -5737.5381
293200 -5655.8454
293300 -5650.2885
293400 -5725.5973
293500 -5814.9683
293600 -5827.6674
293700 -5739.6155
293800 -5648.5439
293900 -5671.1728
294000 -5777.5787
294100 -5835.9407
294200 -5788.5563
294300 -5693.4005
294400 -5641.6246
294500 -5678.0334
294600 -5771.3982
294700 -5834.5949
294800 -5795.7954
294900 -5688.5097
295000 -5642.4548
295100 -5718.2428
295200 -5817.4443
295300 -5825.4594
295400 -5744.2114
295500 -5659.4577
295600 -5647.7494
295700 -5719.0588
295800 -5810.4877
295900 -5830.3638
296000 -5747.2515
296100 -5651.8481
296200 -5665.7426
296300 -5770.5451
296400 -5835.4262
296500 -5794.2876
296600 -5699.3259
296700 -5642.4409
296800 -5673.0538
296900 -5764.9693
297000 -5833.144
297100 -5801.6621
297200 -5695.3327
297300 -5641.4574
297400 -5710.7621
297500 -5812.8871
297600 -5828.4012
297700 -5750.875
297800 -5663.4271
297900 -5645.6148
298000 -5712.6248
298100 -5805.6612
298200 -5832.5403
298300 -5754.813
298400 -5655.7125
298500 -5660.775
298600 -5763.297
298700 -5834.3815
298800 -5799.7619
298900 -5705.4419
299000 -5643.6827
299100 -5668.3757
299200 -5758.432
299300 -5831.2013
299400 -5807.1411
299500 -5702.416
299600 -5641.0939
299700 -5703.4394
299800 -5807.8854
299900 -5830.8866
300000 -5757.4975
300100 -5667.7375
300200 -5643.8931
300300 -5706.3236
300400 -5800.5161
300500 -5834.1903
300600 -5762.2537
300700 -5660.1097
300800 -5656.3046
300900 -5755.8771
301000 -5832.8066
301100 -5804.95
301200 -5711.722
301300 -5645.3452
301400 -5664.0183
301500 -5751.8178
301600 -5828.7821
301700 -5812.204
301800 -5709.7124
301900 -5641.3671
302000 -5696.3229
302100 -5802.4638
302200 -5832.898
302300 -5764.0477
302400 -5672.3713
302500 -5642.5912
302600 -5700.1827
302700 -5795.0806
302800 -5835.3103
302900 -5769.5288
303000 -5665.0088
303100 -5652.3629
303200 -5748.33
303300 -5830.7045
303400 -5809.8234
303500 -5718.139
303600 -5647.4217
303700 -5659.9995
303800 -5745.1582
303900 -5825.9038
304000 -5816.8256
304100 -5717.1736
304200 -5642.2749
304300 -5689.4601
304400 -5796.6503
304500 -5834.4195
304600 -5770.4938
304700 -5677.3093
304800 -5641.7144
304900 -5694.2287
305000 -5789.384
305100 -5835.8999
305200 -5776.5954
305300 -5670.3756
305400 -5648.9777
305500 -5740.7017
305600 -5828.0813
305700 -5814.3547
305800 -5724.6643
305900 -5649.904
306000 -5656.3356
306100 -5738.4843
306200 -5822.5861
306300 -5820.9839
306400 -5724.7509
306500 -5643.8109
306600 -5682.8972
306700 -5790.4754
306800 -5835.4381
306900 -5776.8045
307000 -5682.5311
307100 -5641.266
307200 -5688.4871
307300 -5783.4562
307400 -5835.9615
307500 -5783.4123
307600 -5676.1728
307700 -5646.1729
307800 -5733.0396
307900 -5824.9462
308000 -5818.5177
308100 -5731.2691
308200 -5652.782
308300 -5653.0417
308400 -5731.8271
308500 -5818.8502
308600 -5824.6597
308700 -5732.3953
308800 -5645.9641
308900 -5676.6786
309000 -5783.9729
309100 -5835.9427
309200 -5782.9482
309300 -5688.0148
309400 -5641.2479
309500 -5682.9824
309600 -5777.3279
309700 -5835.5004
309800 -5789.9408
309900 -5682.3604
310000 -5643.9684
310100 -5725.3917
310200 -5821.3117
310300 -5822.2877
310400 -5737.9235
310500 -5656.0442
310600 -5650.1309
310700 -5725.217
310800 -5814.7192
310900 -5827.8372
311000 -5740.0581
311100 -5648.7192
311200 -5670.847
311300 -5777.1787
311400 -5835.9253
311500 -5788.8941
311600 -5693.7374
311700 -5641.6602
311800 -5677.7377
311900 -5771.0301
312000 -5834.5247
312100 -5796.1445
312200 -5688.8961
312300 -5642.38
312400 -5717.8069
312500 -5817.1934
312600 -5825.6415
312700 -5744.5971
312800 -5659.6775
312900 -5647.6149
313000 -5718.6838
313100 -5810.2179
313200 -5830.5039
313300 -5747.691
313400 -5652.0565
313500 -5665.4425
313600 -5770.1316
313700 -5835.3803
313800 -5794.6113
313900 -5699.6745
314000 -5642.5011
314100 -5672.775
314200 -5764.5941
314300 -5833.0449
314400 -5801.9897
314500 -5695.7355
314600 -5641.4191
314700 -5710.3341
314800 -5812.6099
314900 -5828.5575
315000 -5751.2592
315100 -5663.6671
315200 -5645.5039
315300 -5712.2567
315400 -5805.3723
315500 -5832.6501
315600 -5755.2468
315700 -5655.9524
315800 -5660.5027
315900 -5762.8724
316000 -5834.3049
316100 -5800.0699
316200 -5705.8007
316300 -5643.7674
316400 -5668.1149
316500 -5758.0515
316600 -5831.0742
316700 -5807.4453
316800 -5702.8324
316900 -5641.0924
317000 -5703.022
317100 -5807.5832
317200 -5831.016
317300 -5757.8784
317400 -5667.9967
317500 -5643.8064
317600 -5705.964
317700 -5800.2096
317800 -5834.2695
317900 -5762.6791
318000 -5660.3795
318100 -5656.0621
318200 -5755.4439
318300 -5832.6994
318400 -5805.2405
318500 -5712.0895
318600 -5645.454
318700 -5663.7766
318800 -5751.4338
318900 -5828.628
319000 -5812.4834
319100 -5710.1397
319200 -5641.4024
319300 -5695.9189
319400 -5802.1382
319500 -5832.9994
319600 -5764.4234
319700 -5672.6486
319800 -5642.5289
319900 -5699.8332
320000 -5794.7582
320100 -5835.3588
320200 -5769.9434
320300 -5665.3066
320400 -5652.1518
320500 -5747.8908
320600 -5830.567
320700 -5810.0949
320800 -5718.5134
320900 -5647.5542
321000 -5659.7779
321100 -5744.7725
321200 -5825.7238
321300 -5817.0788
321400 -5717.6089
321500 -5642.3467
321600 -5689.0722
321700 -5796.3029
321800 -5834.4922
321900 -5770.8626
322000 -5677.6036
322100 -5641.6768
322200 -5693.8908
322300 -5789.0474
322400 -5835.9178
322500 -5776.9966
322600 -5670.6993
322700 -5648.7995
322800 -5740.2593
322900 -5827.9139
323000 -5814.6056
323100 -5725.0442
323200 -5650.0596
323300 -5656.135
323400 -5738.0988
323500 -5822.3813
323600 -5821.2096
323700 -5725.1914
323800 -5643.9187
323900 -5682.5279
324000 -5790.1082
324100 -5835.4813
324200 -5777.1644
324300 -5682.8412
324400 -5641.2532
324500 -5688.1623
324600 -5783.1072
324700 -5835.949
324800 -5783.7979
324900 -5676.5202
325000 -5646.0289
325100 -5732.5967
325200 -5824.7496
325300 -5818.7466
325400 -5731.6527
325500 -5652.9602
325600 -5652.8629
325700 -5731.4435
325800 -5818.6219
325900 -5824.857
326000 -5732.8382
326100 -5646.1072
326200 -5676.3306
326300 -5783.5878
326400 -5835.956
326500 -5783.2976
326600 -5688.3393
326700 -5641.26
326800 -5682.672
326900 -5776.9682
327000 -5835.4579
327100 -5790.3086
327200 -5682.7291
327300 -5643.8597
327400 -5724.9511
327500 -5821.0867
327600 -5822.4931
327700 -5738.309
327800 -5656.2443
327900 -5649.9746
328000 -5724.837
328100 -5814.4689
328200 -5828.0054
328300 -5740.5006
328400 -5648.8964
328500 -5670.5226
328600 -5776.7779
328700 -5835.9082
328800 -5789.231
328900 -5694.075
329000 -5641.6971
329100 -5677.443
329200 -5770.6615
329300 -5834.4528
329400 -5796.4925
329500 -5689.2836
329600 -5642.3073
329700 -5717.3715
329800 -5816.9409
329900 -5825.8222
330000 -5744.9828
330100 -5659.8986
330200 -5647.4818
330300 -5718.3092
330400 -5809.947
330500 -5830.6422
330600 -5748.1303
330700 -5652.2667
330800 -5665.144
330900 -5769.7174
331000 -5835.3326
331100 -5794.9341
331200 -5700.0237
331300 -5642.5627
331400 -5672.4973
331500 -5764.2185
331600 -5832.9443
331700 -5802.3159
331800 -5696.1391
331900 -5641.3829
332000 -5709.9066
332100 -5812.3312
332200 -5828.7122
332300 -5751.6432
332400 -5663.9083
332500 -5645.3945
332600 -5711.8891
332700 -5805.0822
332800 -5832.7581
332900 -5755.6802
333000 -5656.1941
333100 -5660.2321
333200 -5762.4472
333300 -5834.2265
333400 -5800.3768
333500 -5706.16
333600 -5643.8535
333700 -5667.8552
333800 -5757.6707
333900 -5830.9456
334000 -5807.7481
334100 -5703.2495
334200 -5641.093
334300 -5702.6053
334400 -5807.2796
334500 -5831.1437
334600 -5758.259
334700 -5668.257
334800 -5643.721
334900 -5705.605
335000 -5799.9021
335100 -5834.3469
335200 -5763.104
335300 -5660.651
335400 -5655.8214
335500 -5755.0103
335600 -5832.5905
335700 -5805.53
335800 -5712.4574
335900 -5645.5642
336000 -5663.5361
336100 -5751.0497
336200 -5828.4724
336300 -5812.7613
336400 -5710.5674
336500 -5641.4397
336600 -5695.5157
336700 -5801.8112
336800 -5833.0992
336900 -5764.7988
337000 -5672.927
337100 -5642.4681
337200 -5699.4843
337300 -5794.4349
337400 -5835.4056
337500 -5770.3572
337600 -5665.6059
337700 -5651.9426
337800 -5747.4514
337900 -5830.4277
338000 -5810.3652
338100 -5718.8883
338200 -5647.6881
338300 -5659.5575
338400 -5744.3868
338500 -5825.5424
338600 -5817.3304
338700 -5718.0446
338800 -5642.4206
338900 -5688.6853
339000 -5795.9543
339100 -5834.5632
339200 -5771.2309
339300 -5677.8989
339400 -5641.6406
339500 -5693.5536
339600 -5788.71
339700 -5835.9339
339800 -5777.397
339900 -5671.0245
340000 -5648.6233
340100 -5739.8168
340200 -5827.7448
340300 -5814.8552
340400 -5725.4244
340500 -5650.2166
340600 -5655.9357
340700 -5737.7133
340800 -5822.1752
340900 -5821.4338
341000 -5725.6321
341100 -5644.0286
341200 -5682.1599
341300 -5789.7398
341400 -5835.5229
341500 -5777.5238
341600 -5683.1521
341700 -5641.2419
341800 -5687.8382
341900 -5782.7575
342000 -5835.9348
342100 -5784.1825
342200 -5676.8689
342300 -5645.887
342400 -5732.1538
342500 -5824.5513
342600 -5818.9741
342700 -5732.0364
342800 -5653.1397
342900 -5652.6854
343000 -5731.06
343100 -5818.3924
343200 -5825.0527
343300 -5733.2811
343400 -5646.2522
343500 -5675.9839
343600 -5783.2017
343700 -5835.9676
343800 -5783.6463
343900 -5688.6646
344000 -5641.2736
344100 -5682.3624
344200 -5776.6079
344300 -5835.4137
344400 -5790.6753
344500 -5683.099
344600 -5643.753
344700 -5724.5108
344800 -5820.8601
344900 -5822.6971
345000 -5738.6946
345100 -5656.4456
345200 -5649.8196
345300 -5724.4573
345400 -5814.2173
345500 -5828.1718
345600 -5740.9429
345700 -5649.0756
345800 -5670.1996
345900 -5776.3763
346000 -5835.8894
346100 -5789.5672
346200 -5694.4132
346300 -5641.7355
346400 -5677.1492
346500 -5770.2925
346600 -5834.3792
346700 -5796.8392
346800 -5689.6721
346900 -5642.2367
347000 -5716.9364
347100 -5816.6869
347200 -5826.0014
347300 -5745.3685
347400 -5660.1208
347500 -5647.35
347600 -5717.9349
347700 -5809.6748
347800 -5830.7787
347900 -5748.5693
348000 -5652.4788
348100 -5664.847
348200 -5769.3025
348300 -5835.2831
348400 -5795.2561
348500 -5700.3735
348600 -5642.6258
348700 -5672.2205
348800 -5763.8426
348900 -5832.842
349000 -5802.6408
349100 -5696.5436
349200 -5641.3488
349300 -5709.4797
349400 -5812.051
349500 -5828.8654
349600 -5752.0271
349700 -5664.1506
349800 -5645.2864
349900 -5711.5219
350000 -5804.7911
350100 -5832.8643
350200 -5756.1131
350300 -5656.4376
350400 -5659.9632
350500 -5762.0214
350600 -5834.1464
350700 -5800.6829
350800 -5706.5199
350900 -5643.941
351000 -5667.5966
351100 -5757.2897
351200 -5830.8155
351300 -5808.0496
351400 -5703.6673
351500 -5641.0957
351600 -5702.1893
351700 -5806.9746
351800 -5831.2699
351900 -5758.6394
352000 -5668.5184
352100 -5643.6371
352200 -5705.2465
352300 -5799.5936
352400 -5834.4226
352500 -5763.5283
352600 -5660.9241
352700 -5655.5824
352800 -5754.5762
352900 -5832.4797
353000 -5805.8184
353100 -5712.8257
353200 -5645.6758
353300 -5663.2967
353400 -5750.6654
353500 -5828.3153
353600 -5813.0377
353700 -5710.9958
353800 -5641.4792
353900 -5695.1134
354000 -5801.483
354100 -5833.1973
354200 -5765.1738
354300 -5673.2063
354400 -5642.4086
354500 -5699.1361
354600 -5794.1107
354700 -5835.4505
354800 -5770.7703
354900 -5665.9069
355000 -5651.7353
355100 -5747.0117
355200 -5830.2867
355300 -5810.6344
355400 -5719.2635
355500 -5647.8233
355600 -5659.3383
355700 -5744.0011
355800 -5825.3594
355900 -5817.5805
356000 -5718.4806
356100 -5642.4965
356200 -5688.2993
356300 -5795.6045
356400 -5834.6325
356500 -5771.5987
356600 -5678.1951
356700 -5641.6059
356800 -5693.2172
356900 -5788.3718
357000 -5835.9483
357100 -5777.7965
357200 -5671.351
357300 -5648.4491
357400 -5739.3742
357500 -5827.574
357600 -5815.1037
357700 -5725.8048
357800 -5650.375
357900 -5655.7376
358000 -5737.3279
358100 -5821.9676
358200 -5821.6563
358300 -5726.073
358400 -5644.1405
358500 -5681.793
358600 -5789.3704
358700 -5835.5627
358800 -5777.8826
358900 -5683.4639
359000 -5641.232
359100 -5687.515
359200 -5782.4071
359300 -5835.9188
359400 -5784.5661
359500 -5677.2189
359600 -5645.7471
359700 -5731.711
359800 -5824.3514
359900 -5819.2003
360000 -5732.4203
360100 -5653.3205
360200 -5652.5091
360300 -5730.6767
360400 -5818.1615
360500 -5825.2468
360600 -5733.7241
360700 -5646.3992
360800 -5675.6385
360900 -5782.8146
361000 -5835.9773
361100 -5783.9943
361200 -5688.9907
361300 -5641.2886
361400 -5682.0537
361500 -5776.2471
361600 -5835.3678
361700 -5791.0408
361800 -5683.47
361900 -5643.6485
362000 -5724.0706
362100 -5820.6318
362200 -5822.8998
362300 -5739.0802
362400 -5656.6481
362500 -5649.666
362600 -5724.0778
362700 -5813.9645
362800 -5828.3366
362900 -5741.3851
363000 -5649.2568
363100 -5669.8781
363200 -5775.9738
363300 -5835.8688
363400 -5789.9027
363500 -5694.7522
363600 -5641.7753
363700 -5676.8564
363800 -5769.9231
363900 -5834.3039
364000 -5797.1847
364100 -5690.0616
364200 -5642.1682
364300 -5716.5017
364400 -5816.4314
364500 -5826.1791
364600 -5745.754
364700 -5660.3442
364800 -5647.2196
364900 -5717.561
365000 -5809.4016
365100 -5830.9135
365200 -5749.0081
365300 -5652.6927
365400 -5664.5516
365500 -5768.8869
365600 -5835.2319
365700 -5795.5772
365800 -5700.724
365900 -5642.6903
366000 -5671.9447
366100 -5763.4664
366200 -5832.738
366300 -5802.9644
366400 -5696.949
366500 -5641.3168
366600 -5709.0533
366700 -5811.7694
366800 -5829.0171
366900 -5752.4109
367000 -5664.394
367100 -5645.1797
367200 -5711.1551
367300 -5804.499
367400 -5832.9688
367500 -5756.5457
367600 -5656.6828
367700 -5659.696
367800 -5761.5952
367900 -5834.0645
368000 -5800.9879
368100 -5706.8803
368200 -5644.0299
368300 -5667.3391
368400 -5756.9085
368500 -5830.6837
368600 -5808.3496
368700 -5704.0858
368800 -5641.1005
368900 -5701.774
369000 -5806.6682
369100 -5831.3944
369200 -5759.0195
369300 -5668.7808
369400 -5643.5546
369500 -5704.8885
369600 -5799.2842
369700 -5834.4964
369800 -5763.952
369900 -5661.1989
370000 -5655.3452
370100 -5754.1418
370200 -5832.3673
370300 -5806.1057
370400 -5713.1945
370500 -5645.7888
370600 -5663.0584
370700 -5750.281
370800 -5828.1567
370900 -5813.3126
371000 -5711.4246
371100 -5641.5208
371200 -5694.712
371300 -5801.1535
371400 -5833.2938
371500 -5765.5484
371600 -5673.4867
371700 -5642.3506
371800 -5698.7885
371900 -5793.7857
372000 -5835.4937
372100 -5771.1827
372200 -5666.2093
372300 -5651.5298
372400 -5746.5718
372500 -5830.144
372600 -5810.9024
372700 -5719.639
372800 -5647.9599
372900 -5659.1203
373000 -5743.6153
373100 -5825.1751
373200 -5817.829
373300 -5718.917
373400 -5642.5746
373500 -5687.9145
373600 -5795.2536
373700 -5834.7001
373800 -5771.966
373900 -5678.4922
374000 -5641.5725
374100 -5692.8814
374200 -5788.0329
374300 -5835.9609
374400 -5778.1951
374500 -5671.6791
374600 -5648.2768
374700 -5738.9315
374800 -5827.4015
374900 -5815.3508
375000 -5726.1854
375100 -5650.5346
375200 -5655.5407
375300 -5736.9426
375400 -5821.7587
375500 -5821.8772
375600 -5726.5141
375700 -5644.2544
375800 -5681.4272
375900 -5788.9999
376000 -5835.6008
376100 -5778.2409
376200 -5683.7765
376300 -5641.2236
376400 -5687.1925
376500 -5782.056
376600 -5835.9011
376700 -5784.9487
376800 -5677.5702
376900 -5645.6092
377000 -5731.2683
377100 -5824.1498
377200 -5819.4252
377300 -5732.8043
377400 -5653.5025
377500 -5652.3342
377600 -5730.2936
377700 -5817.9293
377800 -5825.4391
377900 -5734.1671
378000 -5646.5483
378100 -5675.2944
378200 -5782.4266
378300 -5835.9854
378400 -5784.3416
378500 -5689.3175
378600 -5641.305
378700 -5681.7459
378800 -5775.8858
378900 -5835.3202
379000 -5791.4053
379100 -5683.8422
379200 -5643.5459
379300 -5723.6307
379400 -5820.4019
379500 -5823.101
379600 -5739.4659
379700 -5656.8518
379800 -5649.5137
379900 -5723.6986
380000 -5813.7105
380100 -5828.4996
380200 -5741.8272
380300 -5649.4398
380400 -5669.5581
380500 -5775.5705
380600 -5835.8464
380700 -5790.2373
380800 -5695.0919
380900 -5641.8166
381000 -5676.5645
381100 -5769.5532
381200 -5834.2269
381300 -5797.529
381400 -5690.4521
381500 -5642.1018
381600 -5716.0675
381700 -5816.1743
381800 -5826.3553
381900 -5746.1396
382000 -5660.5688
382100 -5647.0905
382200 -5717.1874
382300 -5809.1272
382400 -5831.0466
382500 -5749.4465
382600 -5652.9085
382700 -5664.2578
382800 -5768.4706
382900 -5835.1788
383000 -5795.8974
383100 -5701.075
383200 -5642.7562
383300 -5671.67
383400 -5763.0898
383500 -5832.6324
383600 -5803.2867
383700 -5697.3551
383800 -5641.287
383900 -5708.6275
384000 -5811.4862
384100 -5829.1672
384200 -5752.7945
384300 -5664.6385
384400 -5645.0744
384500 -5710.7889
384600 -5804.2058
384700 -5833.0715
384800 -5756.9778
384900 -5656.9298
385000 -5659.4305
385100 -5761.1683
385200 -5833.9808
385300 -5801.292
385400 -5707.2412
385500 -5644.1202
385600 -5667.0826
385700 -5756.527
385800 -5830.5503
385900 -5808.6482
386000 -5704.5049
386100 -5641.1075
386200 -5701.3594
386300 -5806.3605
386400 -5831.5174
386500 -5759.3994
386600 -5669.0443
386700 -5643.4735
386800 -5704.5312
386900 -5798.9738
387000 -5834.5685
387100 -5764.3752
387200 -5661.4754
387300 -5655.1098
387400 -5753.707
387500 -5832.253
387600 -5806.392
387700 -5713.5637
387800 -5645.9031
387900 -5662.8213
388000 -5749.8964
388100 -5827.9966
388200 -5813.586
388300 -5711.8539
388400 -5641.5645
388500 -5694.3114
388600 -5800.8226
388700 -5833.3886
388800 -5765.9227
388900 -5673.768
389000 -5642.294
389100 -5698.4416
389200 -5793.4598
389300 -5835.5352
389400 -5771.5944
389500 -5666.5133
389600 -5651.3263
389700 -5746.1316
389800 -5829.9996
389900 -5811.1693
390000 -5720.0149
390100 -5648.0978
390200 -5658.9035
390300 -5743.2295
390400 -5824.9892
390500 -5818.0759
390600 -5719.3537
390700 -5642.6547
390800 -5687.5306
390900 -5794.9014
391000 -5834.7661
391100 -5772.3329
391200 -5678.7902
391300 -5641.5407
391400 -5692.5464
391500 -5787.6933
391600 -5835.9718
391700 -5778.5929
391800 -5672.0085
391900 -5648.1065
392000 -5738.4887
392100 -5827.2273
392200 -5815.5968
392300 -5726.5663
392400 -5650.6955
392500 -5655.3451
392600 -5736.5573
392700 -5821.5484
392800 -5822.0965
392900 -5726.9554
393000 -5644.3704
393100 -5681.0627
393200 -5788.6283
393300 -5835.6371
393400 -5778.5986
393500 -5684.09
393600 -5641.2165
393700 -5686.8709
393800 -5781.7044
393900 -5835.8816
394000 -5785.3304
394100 -5677.9227
394200 -5645.4733
394300 -5730.8257
394400 -5823.9465
394500 -5819.6487
394600 -5733.1885
394700 -5653.6859
394800 -5652.1605
394900 -5729.9106
395000 -5817.6959
395100 -5825.6298
395200 -5734.6101
395300 -5646.6993
395400 -5674.9517
395500 -5782.0377
395600 -5835.9917
395700 -5784.6883
395800 -5689.6452
395900 -5641.3229
396000 -5681.439
396100 -5775.5238
396200 -5835.2709
396300 -5791.7686
396400 -5684.2154
396500 -5643.4455
396600 -5723.1911
396700 -5820.1705
396800 -5823.3007
396900 -5739.8516
397000 -5657.0568
397100 -5649.3627
397200 -5723.3197
397300 -5813.4553
397400 -5828.6609
397500 -5742.2692
397600 -5649.6248
397700 -5669.2395
397800 -5775.1663
397900 -5835.8222
398000 -5790.5712
398100 -5695.4323
398200 -5641.8593
398300 -5676.2736
398400 -5769.1829
398500 -5834.1483
398600 -5797.8721
398700 -5690.8435
398800 -5642.0375
398900 -5715.6336
399000 -5815.9156
399100 -5826.5301
399200 -5746.525
399300 -5660.7946
399400 -5646.9628
399500 -5716.8142
399600 -5808.8517
399700 -5831.1779
399800 -5749.8847
399900 -5653.1262
400000 -5663.9656
400100 -5768.0536
400200 -5835.1241
400300 -5796.2167
400400 -5701.4267
400500 -5642.8235
400600 -5671.3963
400700 -5762.7128
400800 -5832.5252
400900 -5803.6077
401000 -5697.7621
401100 -5641.2593
401200 -5708.2022
401300 -5811.2017
401400 -5829.3158
401500 -5753.1779
401600 -5664.8842
401700 -5644.9705
401800 -5710.4231
401900 -5803.9116
402000 -5833.1724
402100 -5757.4094
402200 -5657.1786
402300 -5659.1666
402400 -5760.741
402500 -5833.8953
402600 -5801.5951
402700 -5707.6026
402800 -5644.2119
402900 -5666.8273
403000 -5756.1453
403100 -5830.4154
403200 -5808.9454
403300 -5704.9248
403400 -5641.1166
403500 -5700.9456
403600 -5806.0513
403700 -5831.6387
403800 -5759.7789
403900 -5669.3088
404000 -5643.3938
404100 -5704.1743
404200 -5798.6625
404300 -5834.6389
404400 -5764.7977
404500 -5661.7535
404600 -5654.8762
404700 -5753.2718
404800 -5832.137
404900 -5806.6772
405000 -5713.9334
405100 -5646.0188
405200 -5662.5853
405300 -5749.5118
405400 -5827.8349
405500 -5813.858
405600 -5712.2838
405700 -5641.6103
405800 -5693.9118
405900 -5800.4905
406000 -5833.4818
406100 -5766.2966
406200 -5674.0504
406300 -5642.2388
406400 -5698.0953
406500 -5793.1331
406600 -5835.5748
406700 -5772.0053
406800 -5666.8188
406900 -5651.1246
407000 -5745.6913
407100 -5829.8534
407200 -5811.4349
407300 -5720.3912
407400 -5648.2371
407500 -5658.6878
407600 -5742.8437
407700 -5824.802
407800 -5818.3212
407900 -5719.7908
408000 -5642.737
408100 -5687.1478
408200 -5794.5481
408300 -5834.8303
408400 -5772.6993
408500 -5679.0892
408600 -5641.5102
408700 -5692.2122
408800 -5787.3529
408900 -5835.9808
409000 -5778.9898
409100 -5672.3393
409200 -5647.9381
409300 -5738.0458
409400 -5827.0514
409500 -5815.8414
409600 -5726.9474
409700 -5650.8578
409800 -5655.1507
409900 -5736.1721
410000 -5821.3367
410100 -5822.3142
410200 -5727.3969
410300 -5644.4885
410400 -5680.6993
410500 -5788.2557
410600 -5835.6718
410700 -5778.9556
410800 -5684.4044
410900 -5641.211
411000 -5686.5501
411100 -5781.3521
411200 -5835.8604
411300 -5785.711
411400 -5678.2766
411500 -5645.3395
411600 -5730.3832
411700 -5823.7416
411800 -5819.8709
411900 -5733.5728
412000 -5653.8705
412100 -5651.9882
412200 -5729.5279
412300 -5817.4611
412400 -5825.8188
412500 -5735.0532
412600 -5646.8523
412700 -5674.6102
412800 -5781.6478
412900 -5835.9962
413000 -5785.0343
413100 -5689.9736
413200 -5641.3422
413300 -5681.133
413400 -5775.1614
413500 -5835.2198
413600 -5792.1309
413700 -5684.5898
413800 -5643.3471
413900 -5722.7517
414000 -5819.9374
414100 -5823.4991
414200 -5740.2373
414300 -5657.263
414400 -5649.2131
414500 -5722.9411
414600 -5813.1988
414700 -5828.8205
414800 -5742.711
414900 -5649.8117
415000 -5668.9223
415100 -5774.7614
415200 -5835.7963
415300 -5790.9042
415400 -5695.7734
415500 -5641.9034
415600 -5675.9837
415700 -5768.8121
415800 -5834.068
415900 -5798.2139
416000 -5691.236
416100 -5641.9753
416200 -5715.2002
416300 -5815.6555
416400 -5826.7034
416500 -5746.9104
416600 -5661.0216
416700 -5646.8365
416800 -5716.4414
416900 -5808.5751
417000 -5831.3075
417100 -5750.3225
417200 -5653.3456
417300 -5663.6749
417400 -5767.636
417500 -5835.0675
417600 -5796.5351
417700 -5701.779
417800 -5642.8923
417900 -5671.1236
418000 -5762.3356
418100 -5832.4164
418200 -5803.9273
418300 -5698.1699
418400 -5641.2337
418500 -5707.7776
418600 -5810.9156
418700 -5829.4628
418800 -5753.5612
418900 -5665.131
419000 -5644.868
419100 -5710.0577
419200 -5803.6163
419300 -5833.2716
419400 -5757.8406
419500 -5657.4291
419600 -5658.9045
419700 -5760.3131
419800 -5833.8081
419900 -5801.8971
420000 -5707.9646
420100 -5644.305
420200 -5666.573
420300 -5755.7634
420400 -5830.2789
420500 -5809.2412
420600 -5705.3452
420700 -5641.1278
420800 -5700.5325
420900 -5805.7408
421000 -5831.7585
421100 -5760.1582
421200 -5669.5745
421300 -5643.3155
421400 -5703.8181
421500 -5798.3502
421600 -5834.7074
421700 -5765.2196
421800 -5662.0333
421900 -5654.6444
422000 -5752.8362
422100 -5832.0193
422200 -5806.9613
422300 -5714.3035
422400 -5646.1359
422500 -5662.3505
422600 -5749.127
422700 -5827.6717
422800 -5814.1284
422900 -5712.7141
423000 -5641.6583
423100 -5693.513
423200 -5800.1572
423300 -5833.5734
423400 -5766.6701
423500 -5674.3337
423600 -5642.185
423700 -5697.7497
423800 -5792.8055
423900 -5835.6127
424000 -5772.4155
424100 -5667.1259
424200 -5650.9248
424300 -5745.2507
424400 -5829.7054
424500 -5811.6995
424600 -5720.7677
424700 -5648.3777
424800 -5658.4734
424900 -5742.4579
425000 -5824.6132
425100 -5818.565
425200 -5720.2282
425300 -5642.8213
425400 -5686.7661
425500 -5794.1936
425600 -5834.8929
425700 -5773.0652
425800 -5679.3891
425900 -5641.4812
426000 -5691.8786
426100 -5787.0117
426200 -5835.9882
426300 -5779.3859
426400 -5672.6715
426500 -5647.7717
426600 -5737.603
426700 -5826.8738
426800 -5816.0848
426900 -5727.3288
427000 -5651.0214
427100 -5654.9576
427200 -5735.7871
427300 -5821.1236
427400 -5822.5302
427500 -5727.8385
427600 -5644.6086
427700 -5680.3372
427800 -5787.882
427900 -5835.7047
428000 -5779.3121
428100 -5684.7196
428200 -5641.2068
428300 -5686.23
428400 -5780.9991
428500 -5835.8375
428600 -5786.0906
428700 -5678.6316
428800 -5645.2076
428900 -5729.9408
429000 -5823.5351
429100 -5820.0918
429200 -5733.9572
429300 -5654.0563
429400 -5651.8171
429500 -5729.1453
429600 -5817.225
429700 -5826.0061
429800 -5735.4962
429900 -5647.0074
430000 -5674.2702
430100 -5781.257
430200 -5835.999
430300 -5785.3795
430400 -5690.3028
430500 -5641.3629
430600 -5680.8278
430700 -5774.7984
430800 -5835.1671
430900 -5792.492
431000 -5684.9653
431100 -5643.2508
431200 -5722.3125
431300 -5819.7027
431400 -5823.6961
431500 -5740.6231
431600 -5657.4704
431700 -5649.0647
431800 -5722.5628
431900 -5812.9412
432000 -5828.9783
432100 -5743.1527
432200 -5650.0006
432300 -5668.6067
432400 -5774.3557
432500 -5835.7686
432600 -5791.2365
432700 -5696.1151
432800 -5641.9489
432900 -5675.6947
433000 -5768.4409
433100 -5833.986
433200 -5798.5545
433300 -5691.6294
433400 -5641.9152
433500 -5714.7672
433600 -5815.3938
433700 -5826.8752
433800 -5747.2958
433900 -5661.2497
434000 -5646.7115
434100 -5716.069
434200 -5808.2973
434300 -5831.4354
434400 -5750.7601
434500 -5653.567
434600 -5663.3858
434700 -5767.2177
434800 -5835.0091
434900 -5796.8527
435000 -5702.1319
435100 -5642.9625
435200 -5670.852
435300 -5761.958
435400 -5832.3059
435500 -5804.2456
435600 -5698.5786
435700 -5641.2103
435800 -5707.3535
435900 -5810.6281
436000 -5829.6083
436100 -5753.9443
436200 -5665.3789
436300 -5644.7669
436400 -5709.6929
436500 -5803.32
436600 -5833.369
436700 -5758.2713
436800 -5657.6813
436900 -5658.6441
437000 -5759.8847
437100 -5833.7191
437200 -5802.1982
437300 -5708.3271
437400 -5644.3995
437500 -5666.3198
437600 -5755.3812
437700 -5830.1408
437800 -5809.5355
437900 -5705.7663
438000 -5641.1412
438100 -5700.1202
438200 -5805.429
438300 -5831.8766
438400 -5760.5372
438500 -5669.8411
438600 -5643.2386
438700 -5703.4624
438800 -5798.0371
438900 -5834.7742
439000 -5765.641
439100 -5662.3146
439200 -5654.4145
439300 -5752.4003
439400 -5831.8998
439500 -5807.2443
439600 -5714.6739
439700 -5646.2544
439800 -5662.1169
439900 -5748.7421
440000 -5827.5071
440100 -5814.3973
440200 -5713.145
440300 -5641.7083
440400 -5693.1152
440500 -5799.8225
440600 -5833.6633
440700 -5767.0432
440800 -5674.6181
440900 -5642.1327
441000 -5697.4047
441100 -5792.4771
441200 -5835.6488
441300 -5772.8249
441400 -5667.4345
441500 -5650.7268
441600 -5744.8099
441700 -5829.5558
441800 -5811.9628
441900 -5721.1446
442000 -5648.5197
442100 -5658.2602
442200 -5742.072
442300 -5824.4231
442400 -5818.8072
442500 -5720.6659
442600 -5642.9077
442700 -5686.3854
442800 -5793.8379
442900 -5834.9537
443000 -5773.4306
443100 -5679.6899
443200 -5641.4537
443300 -5691.5459
443400 -5786.6699
443500 -5835.9937
443600 -5779.781
443700 -5673.0051
443800 -5647.6073
443900 -5737.16
444000 -5826.6946
444100 -5816.327
444200 -5727.7103
444300 -5651.1863
444400 -5654.7657
444500 -5735.4021
444600 -5820.9092
444700 -5822.7446
444800 -5728.2803
444900 -5644.7307
445000 -5679.9762
445100 -5787.5072
445200 -5835.7359
445300 -5779.668
445400 -5685.0356
445500 -5641.2041
445600 -5685.9109
445700 -5780.6455
445800 -5835.8128
445900 -5786.4693
446000 -5678.988
446100 -5645.0778
446200 -5729.4985
446300 -5823.3268
446400 -5820.3113
446500 -5734.3418
446600 -5654.2435
446700 -5651.6473
446800 -5728.7629
446900 -5816.9877
447000 -5826.1918
447100 -5735.9393
447200 -5647.1644
447300 -5673.9314
447400 -5780.8652
447500 -5836
447600 -5785.7241
447700 -5690.6327
447800 -5641.3851
447900 -5680.5236
448000 -5774.4349
448100 -5835.1126
448200 -5792.8519
448300 -5685.342
448400 -5643.1566
448500 -5721.8737
448600 -5819.4665
448700 -5823.8916
448800 -5741.0089
448900 -5657.679
449000 -5648.9178
449100 -5722.1847
449200 -5812.6823
449300 -5829.1345
449400 -5743.5942
449500 -5650.1913
449600 -5668.2925
449700 -5773.9491
449800 -5835.7391
449900 -5791.568
450000 -5696.4576
450100 -5641.9959
450200 -5675.4066
450300 -5768.0693
450400 -5833.9024
450500 -5798.8939
450600 -5692.0237
450700 -5641.8572
450800 -5714.3346
450900 -5815.1305
451000 -5827.0455
451100 -5747.681
451200 -5661.479
451300 -5646.5879
451400 -5715.697
451500 -5808.0184
451600 -5831.5614
451700 -5751.1973
451800 -5653.7901
451900 -5663.0984
452000 -5766.7987
452100 -5834.949
452200 -5797.1693
452300 -5702.4853
452400 -5643.034
452500 -5670.5814
452600 -5761.5801
452700 -5832.1938
452800 -5804.5626
452900 -5698.988
453000 -5641.1889
453100 -5706.93
453200 -5810.3392
453300 -5829.7523
453400 -5754.3272
453500 -5665.6279
453600 -5644.6671
453700 -5709.3285
453800 -5803.0227
453900 -5833.4647
454000 -5758.7016
454100 -5657.9353
454200 -5658.3853
454300 -5759.4558
454400 -5833.6283
454500 -5802.4983
454600 -5708.6901
454700 -5644.4954
454800 -5666.0678
454900 -5754.9989
455000 -5830.0012
455100 -5809.8284
455200 -5706.1881
455300 -5641.1566
455400 -5699.7086
455500 -5805.1157
455600 -5831.9931
455700 -5760.916
455800 -5670.1088
455900 -5643.1631
456000 -5703.1073
456100 -5797.7229
456200 -5834.8392
456300 -5766.0617
456400 -5662.5976
456500 -5654.1863
456600 -5751.964
456700 -5831.7785
456800 -5807.5262
456900 -5715.0449
457000 -5646.3742
457100 -5661.8843
457200 -5748.3571
457300 -5827.3409
457400 -5814.6647
457500 -5713.5763
457600 -5641.7605
457700 -5692.7183
457800 -5799.4866
457900 -5833.7515
458000 -5767.4159
458100 -5674.9034
458200 -5642.0818
458300 -5697.0604
458400 -5792.1479
458500 -5835.6831
458600 -5773.2336
458700 -5667.7445
458800 -5650.5308
458900 -5744.3689
459000 -5829.4044
459100 -5812.225
459200 -5721.5218
459300 -5648.6629
459400 -5658.0482
459500 -5741.6862
459600 -5824.2315
459700 -5819.0479
459800 -5721.104
459900 -5642.9962
460000 -5686.0058
460100 -5793.4811
460200 -5835.0129
460300 -5773.7955
460400 -5679.9917
460500 -5641.4275
460600 -5691.2138
460700 -5786.3273
460800 -5835.9975
460900 -5780.1753
461000 -5673.3401
461100 -5647.4448
461200 -5736.717
461300 -5826.5136
461400 -5816.5679
461500 -5728.0921
461600 -5651.3524
461700 -5654.5751
461800 -5735.0172
461900 -5820.6934
462000 -5822.9573
462100 -5728.7223
462200 -5644.8549
462300 -5679.6165
462400 -5787.1315
462500 -5835.7653
462600 -5780.0233
462700 -5685.3525
462800 -5641.2029
462900 -5685.5925
463000 -5780.2913
463100 -5835.7864
463200 -5786.8469
463300 -5679.3455
463400 -5644.9501
463500 -5729.0563
463600 -5823.117
463700 -5820.5295
463800 -5734.7265
463900 -5654.4319
464000 -5651.4789
464100 -5728.3808
464200 -5816.749
464300 -5826.3757
464400 -5736.3823
464500 -5647.3234
464600 -5673.5941
464700 -5780.4725
464800 -5835.9993
464900 -5786.0679
465000 -5690.9634
465100 -5641.4087
465200 -5680.2202
465300 -5774.0709
465400 -5835.0565
465500 -5793.2108
465600 -5685.7197
465700 -5643.0644
465800 -5721.4351
465900 -5819.2286
466000 -5824.0857
466100 -5741.3947
466200 -5657.8889
466300 -5648.7721
466400 -5721.807
466500 -5812.4222
466600 -5829.2889
466700 -5744.0355
466800 -5650.384
466900 -5667.9798
467000 -5773.5418
467100 -5835.7079
467200 -5791.8986
467300 -5696.8007
467400 -5642.0443
467500 -5675.1196
467600 -5767.6973
467700 -5833.8171
467800 -5799.232
467900 -5692.419
468000 -5641.8013
468100 -5713.9025
468200 -5814.8658
468300 -5827.2143
468400 -5748.0662
468500 -5661.7094
468600 -5646.4657
468700 -5715.3254
468800 -5807.7385
468900 -5831.6858
469000 -5751.6342
469100 -5654.0151
469200 -5662.8125
469300 -5766.3791
469400 -5834.8871
469500 -5797.485
469600 -5702.8394
469700 -5643.107
469800 -5670.3118
469900 -5761.2019
470000 -5832.0801
470100 -5804.8782
470200 -5699.3982
470300 -5641.1697
470400 -5706.5072
470500 -5810.0488
470600 -5829.8946
470700 -5754.7099
470800 -5665.878
470900 -5644.5688
471000 -5708.9647
471100 -5802.7244
471200 -5833.5585
471300 -5759.1314
471400 -5658.191
471500 -5658.1283
471600 -5759.0264
471700 -5833.5358
471800 -5802.7974
471900 -5709.0536
472000 -5644.5927
472100 -5665.8168
472200 -5754.6163
472300 -5829.86
472400 -5810.1199
472500 -5706.6105
472600 -5641.1742
472700 -5699.2978
472800 -5804.8012
472900 -5832.1081
473000 -5761.2944
473100 -5670.3776
473200 -5643.089
473300 -5702.7528
473400 -5797.4079
473500 -5834.9024
473600 -5766.4818
473700 -5662.8823
473800 -5653.9599
473900 -5751.5274
474000 -5831.6555
474100 -5807.807
474200 -5715.4162
474300 -5646.4954
474400 -5661.653
474500 -5747.972
474600 -5827.1732
474700 -5814.9306
474800 -5714.0081
474900 -5641.8148
475000 -5692.3223
475100 -5799.1494
475200 -5833.8381
475300 -5767.7883
475400 -5675.1897
475500 -5642.0323
475600 -5696.7168
475700 -5791.8179
475800 -5835.7157
475900 -5773.6415
476000 -5668.0561
476100 -5650.3367
476200 -5743.9277
476300 -5829.2513
476400 -5812.4859
476500 -5721.8993
476600 -5648.8076
476700 -5657.8375
476800 -5741.3004
476900 -5824.0384
477000 -5819.2869
477100 -5721.5423
477200 -5643.0868
477300 -5685.6272
477400 -5793.1232
477500 -5835.0703
477600 -5774.1599
477700 -5680.2943
477800 -5641.4028
477900 -5690.8825
478000 -5785.984
478100 -5835.9996
478200 -5780.5686
478300 -5673.6764
478400 -5647.2843
478500 -5736.274
478600 -5826.3309
478700 -5816.8075
478800 -5728.4742
478900 -5651.5199
479000 -5654.3857
479100 -5734.6324
479200 -5820.4763
479300 -5823.1684
479400 -5729.1644
479500 -5644.9811
479600 -5679.258
479700 -5786.7546
479800 -5835.793
479900 -5780.378
480000 -5685.6702
480100 -5641.203
480200 -5685.275
480300 -5779.9365
480400 -5835.7583
480500 -5787.2234
480600 -5679.7043
480700 -5644.8243
480800 -5728.6142
480900 -5822.9055
481000 -5820.7463
481100 -5735.1113
481200 -5654.6215
481300 -5651.3117
481400 -5727.9988
481500 -5816.5091
481600 -5826.558
481700 -5736.8253
481800 -5647.4843
481900 -5673.258
482000 -5780.079
482100 -5835.9968
482200 -5786.4111
482300 -5691.2949
482400 -5641.4338
482500 -5679.9178
482600 -5773.7064
482700 -5834.9986
482800 -5793.5684
482900 -5686.0985
483000 -5642.9744
483100 -5720.9969
483200 -5818.9892
483300 -5824.2784
483400 -5741.7805
483500 -5658.1
483600 -5648.6278
483700 -5721.4295
483800 -5812.161
483900 -5829.4416
484000 -5744.4767
484100 -5650.5786
484200 -5667.6686
484300 -5773.1337
484400 -5835.6749
484500 -5792.2285
484600 -5697.1445
484700 -5642.0941
484800 -5674.8335
484900 -5767.3249
485000 -5833.7301
485100 -5799.5688
485200 -5692.8152
485300 -5641.7475
485400 -5713.4708
485500 -5814.5995
485600 -5827.3816
485700 -5748.4512
485800 -5661.9411
485900 -5646.3448
486000 -5714.9541
486100 -5807.4574
486200 -5831.8083
486300 -5752.0707
486400 -5654.2419
486500 -5662.5283
486600 -5765.9589
486700 -5834.8235
486800 -5797.7998
486900 -5703.1941
487000 -5643.1814
487100 -5670.0433
487200 -5760.8234
487300 -5831.9648
487400 -5805.1924
487500 -5699.8092
487600 -5641.1526
487700 -5706.0849
487800 -5809.7569
487900 -5830.0355
488000 -5755.0924
488100 -5666.1293
488200 -5644.4718
488300 -5708.6013
488400 -5802.4251
488500 -5833.6506
488600 -5759.5607
488700 -5658.4484
488800 -5657.873
488900 -5758.5965
489000 -5833.4414
489100 -5803.0955
489200 -5709.4176
489300 -5644.6914
489400 -5665.5669
489500 -5754.2336
489600 -5829.7172
489700 -5810.4099
489800 -5707.0335
489900 -5641.194
490000 -5698.8878
490100 -5804.4852
490200 -5832.2214
490300 -5761.6725
490400 -5670.6474
490500 -5643.0164
490600 -5702.3989
490700 -5797.092
490800 -5834.9639
490900 -5766.9012
491000 -5663.1685
491100 -5653.7354
491200 -5751.0904
491300 -5831.5308
491400 -5808.0867
491500 -5715.7879
491600 -5646.618
491700 -5661.4228
491800 -5747.5869
491900 -5827.004
492000 -5815.195
492100 -5714.4403
492200 -5641.8712
492300 -5691.9272
492400 -5798.811
492500 -5833.923
492600 -5768.1602
492700 -5675.477
492800 -5641.9843
492900 -5696.3738
493000 -5791.487
493100 -5835.7465
493200 -5774.0486
493300 -5668.3691
493400 -5650.1445
493500 -5743.4863
493600 -5829.0964
493700 -5812.7457
493800 -5722.2771
493900 -5648.9536
494000 -5657.6279
494100 -5740.9146
494200 -5823.844
494300 -5819.5244
494400 -5721.9809
494500 -5643.1794
494600 -5685.2498
494700 -5792.764
494800 -5835.1261
494900 -5774.5238
495000 -5680.5979
495100 -5641.3796
495200 -5690.552
495300 -5785.6399
495400 -5835.9999
495500 -5780.9611
495600 -5674.0141
495700 -5647.1258
495800 -5735.831
495900 -5826.1465
496000 -5817.0458
496100 -5728.8564
496200 -5651.6887
496300 -5654.1976
496400 -5734.2478
496500 -5820.2578
496600 -5823.3779
496700 -5729.6066
496800 -5645.1094
496900 -5678.9007
497000 -5786.3768
497100 -5835.819
497200 -5780.732
497300 -5685.9888
497400 -5641.2047
497500 -5684.9583
497600 -5779.5811
497700 -5835.7284
497800 -5787.5989
497900 -5680.0644
498000 -5644.7007
498100 -5728.1723
498200 -5822.6923
498300 -5820.9617
498400 -5735.4962
498500 -5654.8125
498600 -5651.1458
498700 -5727.617
498800 -5816.2679
498900 -5826.7385
499000 -5737.2683
499100 -5647.6473
499200 -5672.9234
499300 -5779.6845
499400 -5835.9925
499500 -5786.7535
499600 -5691.6271
499700 -5641.4603
499800 -5679.6163
499900 -5773.3414
500000 -5834.939
500100 -5793.925
500200 -5686.4783
500300 -5642.8864
500400 -5720.5589
500500 -5818.7482
500600 -5824.4697
500700 -5742.1664
500800 -5658.3122
500900 -5648.4848
501000 -5721.0524
501100 -5811.8985
501200 -5829.5925
501300 -5744.9176
501400 -5650.775
501500 -5667.3589
501600 -5772.7249
501700 -5835.6401
501800 -5792.5575
501900 -5697.489
502000 -5642.1454
502100 -5674.5485
502200 -5766.952
502300 -5833.6414
502400 -5799.9044
502500 -5693.2124
502600 -5641.6959
502700 -5713.0396
502800 -5814.3317
502900 -5827.5475
503000 -5748.8362
503100 -5662.1739
503200 -5646.2253
503300 -5714.5833
503400 -5807.1752
503500 -5831.9292
503600 -5752.5069
503700 -5654.4705
503800 -5662.2457
503900 -5765.538
504000 -5834.758
504100 -5798.1137
504200 -5703.5493
504300 -5643.2572
504400 -5669.7758
504500 -5760.4446
504600 -5831.8479
504700 -5805.5053
504800 -5700.2209
504900 -5641.1377
505000 -5705.6633
505100 -5809.4637
505200 -5830.1747
505300 -5755.4747
505400 -5666.3816
505500 -5644.3763
505600 -5708.2384
505700 -5802.1247
505800 -5833.741
505900 -5759.9894
506000 -5658.7076
506100 -5657.6195
506200 -5758.1661
506300 -5833.3454
506400 -5803.3925
506500 -5709.782
506600 -5644.7915
506700 -5665.3182
506800 -5753.8506
506900 -5829.5729
507000 -5810.6985
507100 -5707.4571
507200 -5641.2158
507300 -5698.4786
507400 -5804.1679
507500 -5832.3331
507600 -5762.0503
507700 -5670.9183
507800 -5642.9452
507900 -5702.0455
508000 -5796.7751
508100 -5835.0236
508200 -5767.32
508300 -5663.4564
508400 -5653.5127
508500 -5750.6531
508600 -5831.4043
508700 -5808.3653
508800 -5716.16
508900 -5646.742
509000 -5661.1938
509100 -5747.2016
509200 -5826.8333
509300 -5815.4579
509400 -5714.873
509500 -5641.9297
509600 -5691.5331
509700 -5798.4714
509800 -5834.0062
509900 -5768.5317
510000 -5675.7652
510100 -5641.9376
510200 -5696.0315
510300 -5791.1554
510400 -5835.7755
510500 -5774.4549
510600 -5668.6837
510700 -5649.9542
510800 -5743.0448
510900 -5828.9399
511000 -5813.0043
511100 -5722.6552
511200 -5649.1009
511300 -5657.4196
511400 -5740.5288
511500 -5823.6481
511600 -5819.7603
511700 -5722.4199
511800 -5643.2741
511900 -5684.8734
512000 -5792.4038
512100 -5835.1801
512200 -5774.8872
512300 -5680.9023
512400 -5641.3577
512500 -5690.2222
512600 -5785.2952
512700 -5835.9985
512800 -5781.3526
512900 -5674.3532
513000 -5646.9693
513100 -5735.3879
513200 -5825.9605
513300 -5817.2828
513400 -5729.2388
513500 -5651.8588
513600 -5654.0108
513700 -5733.8632
513800 -5820.0379
513900 -5823.5857
514000 -5730.0489
514100 -5645.2397
514200 -5678.5447
514300 -5785.9979
514400 -5835.8433
514500 -5781.0854
514600 -5686.3082
514700 -5641.2077
514800 -5684.6424
514900 -5779.225
515000 -5835.6968
515100 -5787.9734
515200 -5680.4256
515300 -5644.579
515400 -5727.7305
515500 -5822.4775
515600 -5821.1758
515700 -5735.8812
515800 -5655.0046
515900 -5650.9813
516000 -5727.2355
516100 -5816.0255
516200 -5826.9174
516300 -5737.7112
516400 -5647.8122
516500 -5672.5902
516600 -5779.2891
516700 -5835.9865
516800 -5787.0952
516900 -5691.9601
517000 -5641.4882
517100 -5679.3157
517200 -5772.9758
517300 -5834.8777
517400 -5794.2804
517500 -5686.8593
517600 -5642.8005
517700 -5720.1212
517800 -5818.5056
517900 -5824.6595
518000 -5742.5522
518100 -5658.5257
518200 -5648.3432
518300 -5720.6756
518400 -5811.6349
518500 -5829.7418
518600 -5745.3584
518700 -5650.9734
518800 -5667.0507
518900 -5772.3153
519000 -5835.6036
519100 -5792.8857
519200 -5697.8341
519300 -5642.198
519400 -5674.2644
519500 -5766.5788
519600 -5833.5512
519700 -5800.2388
519800 -5693.6104
519900 -5641.6463
520000 -5712.6089
520100 -5814.0624
520200 -5827.7118
520300 -5749.2211
520400 -5662.4078
520500 -5646.1072
520600 -5714.2129
520700 -5806.8919
520800 -5832.0482
520900 -5752.9427
521000 -5654.7009
521100 -5661.9647
521200 -5765.1166
521300 -5834.6908
521400 -5798.4266
521500 -5703.9051
521600 -5643.3345
521700 -5669.5094
521800 -5760.0655
521900 -5831.7293
522000 -5805.8169
522100 -5700.6334
522200 -5641.1249
522300 -5705.2424
522400 -5809.169
522500 -5830.3124
522600 -5755.8567
522700 -5666.6351
522800 -5644.2821
522900 -5707.8761
523000 -5801.8234
523100 -5833.8296
523200 -5760.4177
523300 -5658.9684
523400 -5657.3677
523500 -5757.7353
523600 -5833.2475
523700 -5803.6886
523800 -5710.147
523900 -5644.893
524000 -5665.0706
524100 -5753.4675
524200 -5829.427
524300 -5810.9857
524400 -5707.8813
524500 -5641.2398
524600 -5698.0702
524700 -5803.8493
524800 -5832.4431
524900 -5762.4278
525000 -5671.1902
525100 -5642.8754
525200 -5701.6928
525300 -5796.4574
525400 -5835.0815
525500 -5767.7381
525600 -5663.7458
525700 -5653.2918
525800 -5750.2155
525900 -5831.276
526000 -5808.6428
526100 -5716.5325
526200 -5646.8673
526300 -5660.966
526400 -5746.8162
526500 -5826.6612
526600 -5815.7192
526700 -5715.3061
526800 -5641.9903
526900 -5691.1399
527000 -5798.1304
527100 -5834.0878
527200 -5768.9028
527300 -5676.0544
527400 -5641.8925
527500 -5695.6899
527600 -5790.8229
527700 -5835.8028
527800 -5774.8605
527900 -5668.9997
528000 -5649.7659
528100 -5742.603
528200 -5828.7816
528300 -5813.2616
528400 -5723.0336
528500 -5649.2495
528600 -5657.2124
528700 -5740.143
528800 -5823.4508
528900 -5819.9945
529000 -5722.8591
529100 -5643.371
529200 -5684.4982
529300 -5792.0424
529400 -5835.2325
529500 -5775.2501
529600 -5681.2077
529700 -5641.3373
529800 -5689.8932
529900 -5784.9498
530000 -5835.9952
530100 -5781.7432
530200 -5674.6936
530300 -5646.8147
530400 -5734.9449
530500 -5825.7728
530600 -5817.5186
530700 -5729.6214
530800 -5652.0302
530900 -5653.8252
531000 -5733.4788
531100 -5819.8167
531200 -5823.7919
531300 -5730.4914
531400 -5645.372
531500 -5678.19
531600 -5785.6181
531700 -5835.8658
531800 -5781.4382
531900 -5686.6284
532000 -5641.2122
532100 -5684.3274
532200 -5778.8684
532300 -5835.6635
532400 -5788.3469
532500 -5680.788
532600 -5644.4594
532700 -5727.2889
532800 -5822.2611
532900 -5821.3885
533000 -5736.2663
533100 -5655.1981
533200 -5650.818
533300 -5726.8542
533400 -5815.7817
533500 -5827.0946
533600 -5738.1541
533700 -5647.9791
533800 -5672.2583
533900 -5778.8929
534000 -5835.9788
534100 -5787.4361
534200 -5692.2938
534300 -5641.5175
534400 -5679.016
534500 -5772.6098
534600 -5834.8148
534700 -5794.6346
534800 -5687.2413
534900 -5642.7167
535000 -5719.6839
535100 -5818.2614
535200 -5824.8479
535300 -5742.938
535400 -5658.7404
535500 -5648.2029
535600 -5720.2992
535700 -5811.3701
535800 -5829.8893
535900 -5745.7989
536000 -5651.1737
536100 -5666.744
536200 -5771.9049
536300 -5835.5653
536400 -5793.213
536500 -5698.1799
536600 -5642.2522
536700 -5673.9813
536800 -5766.2052
536900 -5833.4592
537000 -5800.5718
537100 -5694.0094
537200 -5641.5989
537300 -5712.1787
537400 -5813.7916
537500 -5827.8746
537600 -5749.6058
537700 -5662.6429
537800 -5645.9904
537900 -5713.843
538000 -5806.6075
538100 -5832.1656
538200 -5753.3782
538300 -5654.9332
538400 -5661.6854
538500 -5764.6945
538600 -5834.6218
538700 -5798.7387
538800 -5704.2615
538900 -5643.4131
539000 -5669.2441
539100 -5759.6862
539200 -5831.6092
539300 -5806.127
539400 -5701.0467
539500 -5641.1142
539600 -5704.8221
539700 -5808.8729
539800 -5830.4485
539900 -5756.2386
540000 -5666.8896
540100 -5644.1894
540200 -5707.5142
540300 -5801.5211
540400 -5833.9164
540500 -5760.8455
540600 -5659.231
540700 -5657.1176
540800 -5757.3039
540900 -5833.1479
541000 -5803.9836
541100 -5710.5124
541200 -5644.9958
541300 -5664.824
541400 -5753.0842
541500 -5829.2796
541600 -5811.2714
541700 -5708.3061
541800 -5641.2659
541900 -5697.6626
542000 -5803.5293
542100 -5832.5516
542200 -5762.805
542300 -5671.4631
542400 -5642.807
542500 -5701.3407
542600 -5796.1387
542700 -5835.1376
542800 -5768.1556
542900 -5664.0369
543000 -5653.0728
543100 -5749.7776
543200 -5831.146
543300 -5808.9192
543400 -5716.9054
543500 -5646.9939
543600 -5660.7393
543700 -5746.4308
543800 -5826.4875
543900 -5815.979
544000 -5715.7396
544100 -5642.053
544200 -5690.7478
544300 -5797.7883
544400 -5834.1677
544500 -5769.2734
544600 -5676.3446
544700 -5641.8487
544800 -5695.349
544900 -5790.4896
545000 -5835.8283
545100 -5775.2652
545200 -5669.3172
545300 -5649.5794
545400 -5742.1612
545500 -5828.6216
545600 -5813.5178
545700 -5723.4123
545800 -5649.3995
545900 -5657.0066
546000 -5739.7573
546100 -5823.252
546200 -5820.2272
546300 -5723.2985
546400 -5643.4698
546500 -5684.1241
546600 -5791.6799
546700 -5835.2831
546800 -5775.6124
546900 -5681.5139
547000 -5641.3184
547100 -5689.565
547200 -5784.6036
547300 -5835.9903
547400 -5782.1328
547500 -5675.0353
547600 -5646.6622
547700 -5734.5018
547800 -5825.5834
547900 -5817.753
548000 -5730.0042
548100 -5652.2029
548200 -5653.6409
548300 -5733.0946
548400 -5819.5942
548500 -5823.9964
548600 -5730.9339
548700 -5645.5063
548800 -5677.8364
548900 -5785.2372
549000 -5835.8865
549100 -5781.7904
549200 -5686.9494
549300 -5641.2181
549400 -5684.0133
549500 -5778.5112
549600 -5835.6284
549700 -5788.7192
549800 -5681.1517
549900 -5644.3419
550000 -5726.8475
550100 -5822.0431
550200 -5821.5999
550300 -5736.6515
550400 -5655.3928
550500 -5650.6561
550600 -5726.4732
550700 -5815.5368
550800 -5827.2701
550900 -5738.5969
551000 -5648.1479
551100 -5671.9278
551200 -5778.4958
551300 -5835.9693
551400 -5787.7764
551500 -5692.6283
551600 -5641.5483
551700 -5678.7173
551800 -5772.2433
551900 -5834.7501
552000 -5794.9876
552100 -5687.6243
552200 -5642.6349
552300 -5719.2469
552400 -5818.0157
552500 -5825.0348
552600 -5743.3238
552700 -5658.9563
552800 -5648.064
552900 -5719.923
553000 -5811.1041
553100 -5830.035
553200 -5746.2393
553300 -5651.3758
553400 -5666.4389
553500 -5771.4938
553600 -5835.5252
553700 -5793.5395
553800 -5698.5263
553900 -5642.3077
554000 -5673.6991
554100 -5765.8312
554200 -5833.3656
554300 -5800.9036
554400 -5694.4093
554500 -5641.5536
554600 -5711.7489
554700 -5813.5193
554800 -5828.0359
554900 -5749.9905
555000 -5662.8792
555100 -5645.875
555200 -5713.4734
555300 -5806.3221
555400 -5832.2811
555500 -5753.8133
555600 -5655.1672
555700 -5661.4077
555800 -5764.2718
555900 -5834.5511
556000 -5799.0498
556100 -5704.6185
556200 -5643.4932
556300 -5668.9798
556400 -5759.3065
556500 -5831.4875
556600 -5806.4358
556700 -5701.4607
556800 -5641.1056
556900 -5704.4024
557000 -5808.5753
557100 -5830.5831
557200 -5756.6203
557300 -5667.1452
557400 -5644.098
557500 -5707.1529
557600 -5801.2177
557700 -5834.0014
557800 -5761.2727
557900 -5659.4952
558000 -5656.8693
558100 -5756.8722
558200 -5833.0465
558300 -5804.2776
558400 -5710.8783
558500 -5645.1001
558600 -5664.5786
558700 -5752.7007
558800 -5829.1307
558900 -5811.5556
559000 -5708.7315
559100 -5641.2941
559200 -5697.2558
559300 -5803.2081
559400 -5832.6584
559500 -5763.1818
559600 -5671.7371
559700 -5642.74
559800 -5700.9891
559900 -5795.8192
560000 -5835.192
560100 -5768.5724
560200 -5664.3295
560300 -5652.8556
560400 -5749.3394
560500 -5831.0142
560600 -5809.1944
560700 -5717.2787
560800 -5647.122
560900 -5660.5138
561000 -5746.0453
561100 -5826.3124
561200 -5816.2373
561300 -5716.1736
561400 -5642.1178
561500 -5690.3565
561600 -5797.4449
561700 -5834.2459
561800 -5769.6437
561900 -5676.6358
562000 -5641.8064
562100 -5695.0088
562200 -5790.1556
562300 -5835.852
562400 -5775.6691
562500 -5669.6362
562600 -5649.3949
562700 -5741.7192
562800 -5828.4599
562900 -5813.7727
563000 -5723.7913
563100 -5649.5508
563200 -5656.8019
563300 -5739.3716
563400 -5823.0519
563500 -5820.4583
563600 -5723.7382
563700 -5643.5708
563800 -5683.7511
563900 -5791.3163
564000 -5835.332
564100 -5775.9741
564200 -5681.8211
564300 -5641.3009
564400 -5689.2376
564500 -5784.2568
564600 -5835.9836
564700 -5782.5216
564800 -5675.3784
564900 -5646.5116
565000 -5734.0588
565100 -5825.3923
565200 -5817.9862
565300 -5730.3872
565400 -5652.3768
565500 -5653.4579
565600 -5732.7104
565700 -5819.3703
565800 -5824.1992
565900 -5731.3765
566000 -5645.6427
566100 -5677.4842
566200 -5784.8553
566300 -5835.9056
566400 -5782.1419
566500 -5687.2713
566600 -5641.2255
566700 -5683.7
566800 -5778.1534
566900 -5835.5916
567000 -5789.0906
567100 -5681.5165
567200 -5644.2264
567300 -5726.4063
567400 -5821.8234
567500 -5821.8099
567600 -5737.0368
567700 -5655.5887
567800 -5650.4954
567900 -5726.0923
568000 -5815.2905
568100 -5827.4439
568200 -5739.0397
568300 -5648.3187
568400 -5671.5987
568500 -5778.0978
568600 -5835.958
568700 -5788.1158
568800 -5692.9634
568900 -5641.5806
569000 -5678.4195
569100 -5771.8763
569200 -5834.6838
569300 -5795.3395
569400 -5688.0084
569500 -5642.5553
569600 -5718.8103
569700 -5817.7684
569800 -5825.2203
569900 -5743.7096
570000 -5659.1734
570100 -5647.9264
570200 -5719.5472
570300 -5810.837
570400 -5830.1791
570500 -5746.6794
570600 -5651.5799
570700 -5666.1352
570800 -5771.082
570900 -5835.4833
571000 -5793.8652
571100 -5698.8734
571200 -5642.3646
571300 -5673.418
571400 -5765.4569
571500 -5833.2704
571600 -5801.2341
571700 -5694.81
571800 -5641.5104
571900 -5711.3197
572000 -5813.2455
572100 -5828.1956
572200 -5750.375
572300 -5663.1165
572400 -5645.761
572500 -5713.1043
572600 -5806.0356
572700 -5832.3949
572800 -5754.248
572900 -5655.403
573000 -5661.1316
573100 -5763.8485
573200 -5834.4785
573300 -5799.3599
573400 -5704.976
573500 -5643.5746
573600 -5668.7165
573700 -5758.9266
573800 -5831.3641
573900 -5806.7433
574000 -5701.8754
574100 -5641.0991
574200 -5703.9834
574300 -5808.2764
574400 -5830.716
574500 -5757.0017
574600 -5667.4019
574700 -5644.008
574800 -5706.7921
574900 -5800.9134
575000 -5834.0847
575100 -5761.6994
575200 -5659.7612
575300 -5656.6227
575400 -5756.44
575500 -5832.9434
575600 -5804.5705
575700 -5711.2447
575800 -5645.2057
575900 -5664.3344
576000 -5752.3171
576100 -5828.9802
576200 -5811.8384
576300 -5709.1575
576400 -5641.3245
576500 -5696.8498
576600 -5802.8854
576700 -5832.7636
576800 -5763.5584
576900 -5672.012
577000 -5642.6744
577100 -5700.6382
577200 -5795.4988
577300 -5835.2446
577400 -5768.9885
577500 -5664.6237
577600 -5652.6403
577700 -5748.9008
577800 -5830.8807
577900 -5809.4685
578000 -5717.6523
578100 -5647.2514
578200 -5660.2895
578300 -5745.6598
578400 -5826.1358
578500 -5816.494
578600 -5716.608
578700 -5642.1847
578800 -5689.9663
578900 -5797.1003
579000 -5834.3224
579100 -5770.0134
579200 -5676.9279
579300 -5641.7655
579400 -5694.6693
579500 -5789.8207
579600 -5835.874
579700 -5776.0722
579800 -5669.9566
579900 -5649.2123
580000 -5741.277
580100 -5828.2964
580200 -5814.0264
580300 -5724.1706
580400 -5649.7034
580500 -5656.5984
580600 -5738.9859
580700 -5822.8504
580800 -5820.6878
580900 -5724.1782
581000 -5643.6738
581100 -5683.3792
581200 -5790.9516
581300 -5835.3792
581400 -5776.3354
581500 -5682.1291
581600 -5641.2848
581700 -5688.9109
581800 -5783.9093
581900 -5835.9751
582000 -5782.9093
582100 -5675.7228
582200 -5646.3631
582300 -5733.6158
582400 -5825.1995
582500 -5818.2181
582600 -5730.7704
582700 -5652.5521
582800 -5653.2762
582900 -5732.3264
583000 -5819.1451
583100 -5824.4004
583200 -5731.8193
583300 -5645.7811
583400 -5677.1332
583500 -5784.4724
583600 -5835.9229
583700 -5782.4928
583800 -5687.5939
583900 -5641.2343
584000 -5683.3876
584100 -5777.795
584200 -5835.5531
584300 -5789.4608
584400 -5681.8825
584500 -5644.1129
584600 -5725.9652
584700 -5821.6021
584800 -5822.0185
584900 -5737.4221
585000 -5655.7859
585100 -5650.3361
585200 -5725.7117
585300 -5815.043
585400 -5827.6159
585500 -5739.4824
585600 -5648.4915
585700 -5671.2711
585800 -5777.6989
585900 -5835.9449
586000 -5788.4546
586100 -5693.2993
586200 -5641.6142
586300 -5678.1226
586400 -5771.5088
586500 -5834.6157
586600 -5795.6901
586700 -5688.3936
586800 -5642.4778
586900 -5718.374
587000 -5817.5195
587100 -5825.4043
587200 -5744.0954
587300 -5659.3918
587400 -5647.7901
587500 -5719.1717
587600 -5810.5687
587700 -5830.3214
587800 -5747.1192
587900 -5651.7858
588000 -5665.8332
588100 -5770.6694
588200 -5835.4397
588300 -5794.19
588400 -5699.2212
588500 -5642.423
588600 -5673.1379
588700 -5765.0821
588800 -5833.1735
588900 -5801.5634
589000 -5695.2117
589100 -5641.4693
589200 -5710.891
589300 -5812.9702
589400 -5828.3539
589500 -5750.7593
589600 -5663.3551
589700 -5645.6484
589800 -5712.7356
589900 -5805.748
590000 -5832.507
590100 -5754.6824
590200 -5655.6406
590300 -5660.8572
590400 -5763.4246
590500 -5834.4042
590600 -5799.6691
590700 -5705.3341
590800 -5643.6575
590900 -5668.4544
591000 -5758.5464
591100 -5831.2392
591200 -5807.0493
591300 -5702.2909
591400 -5641.0948
591500 -5703.5651
591600 -5807.976
591700 -5830.8474
591800 -5757.3829
591900 -5667.6597
592000 -5643.9195
592100 -5706.4319
592200 -5800.6081
592300 -5834.1661
592400 -5762.1256
592500 -5660.0288
592600 -5656.3779
592700 -5756.0073
592800 -5832.8385
592900 -5804.8624
593000 -5711.6116
593100 -5645.3127
593200 -5664.0912
593300 -5751.9333
593400 -5828.8281
593500 -5812.1196
593600 -5709.584
593700 -5641.3569
593800 -5696.4447
593900 -5802.5615
594000 -5832.8671
594100 -5763.9345
594200 -5672.2881
594300 -5642.6103
594400 -5700.2879
594500 -5795.1775
594600 -5835.2954
594700 -5769.404
594800 -5664.9195
594900 -5652.4268
595000 -5748.462
595100 -5830.7455
595200 -5809.7415
595300 -5718.0264
595400 -5647.3821
595500 -5660.0664
595600 -5745.2742
595700 -5825.9577
595800 -5816.7492
595900 -5717.0427
596000 -5642.2538
596100 -5689.577
596200 -5796.7545
596300 -5834.3973
596400 -5770.3828
596500 -5677.221
596600 -5641.726
596700 -5694.3305
596800 -5789.4851
596900 -5835.8942
597000 -5776.4745
597100 -5670.2784
597200 -5649.0316
597300 -5740.8348
597400 -5828.1313
597500 -5814.2789
597600 -5724.5501
597700 -5649.8574
597800 -5656.3962
597900 -5738.6003
598000 -5822.6474
598100 -5820.9156
598200 -5724.6184
598300 -5643.7789
598400 -5683.0085
598500 -5790.5857
598600 -5835.4247
598700 -5776.6961
598800 -5682.438
598900 -5641.2701
599000 -5688.585
599100 -5783.5611
599200 -5835.9649
599300 -5783.2961
599400 -5676.0685
599500 -5646.2166
599600 -5733.1728
599700 -5825.0051
599800 -5818.4486
599900 -5731.1537
600000 -5652.7286
600100 -5653.0957
600200 -5731.9426
600300 -5818.9186
600400 -5824.6
600500 -5732.2621
600600 -5645.9215
600700 -5676.7835
600800 -5784.0886
600900 -5835.9384
601000 -5782.843
601100 -5687.9174
601200 -5641.2446
601300 -5683.076
601400 -5777.436
601500 -5835.5129
601600 -5789.83
601700 -5682.2497
601800 -5644.0015
601900 -5725.5243
602000 -5821.3791
602100 -5822.2257
602200 -5737.8075
602300 -5655.9843
602400 -5650.1781
602500 -5725.3314
602600 -5814.7943
602700 -5827.7863
602800 -5739.925
602900 -5648.6662
603000 -5670.9448
603100 -5777.2992
603200 -5835.9301
603300 -5788.7925
603400 -5693.636
603500 -5641.6493
603600 -5677.8266
603700 -5771.1409
603800 -5834.546
603900 -5796.0396
604000 -5688.7797
604100 -5642.4023
604200 -5717.938
604300 -5817.269
604400 -5825.5869
604500 -5744.4811
604600 -5659.6112
604700 -5647.6552
604800 -5718.7966
604900 -5810.2992
605000 -5830.4619
605100 -5747.5588
605200 -5651.9936
605300 -5665.5326
605400 -5770.2561
605500 -5835.3943
605600 -5794.514
605700 -5699.5695
605800 -5642.4828
605900 -5672.8588
606000 -5764.707
606100 -5833.0749
606200 -5801.8913
606300 -5695.6142
606400 -5641.4304
606500 -5710.4628
606600 -5812.6935
606700 -5828.5106
606800 -5751.1436
606900 -5663.5948
607000 -5645.5371
607100 -5712.3674
607200 -5805.4593
607300 -5832.6172
607400 -5755.1163
607500 -5655.88
607600 -5660.5844
607700 -5763.0002
607800 -5834.3282
607900 -5799.9773
608000 -5705.6927
608100 -5643.7418
608200 -5668.1933
608300 -5758.166
608400 -5831.1126
608500 -5807.3539
608600 -5702.7071
608700 -5641.0926
608800 -5703.1475
608900 -5807.6742
609000 -5830.9772
609100 -5757.7638
609200 -5667.9186
609300 -5643.8323
609400 -5706.0721
609500 -5800.3019
609600 -5834.2459
609700 -5762.5512
609800 -5660.2981
609900 -5656.1349
610000 -5755.5743
610100 -5832.7318
610200 -5805.1532
610300 -5711.9789
610400 -5645.4211
610500 -5663.8492
610600 -5751.5494
610700 -5828.6745
610800 -5812.3995
610900 -5710.0111
611000 -5641.3915
611100 -5696.0404
611200 -5802.2363
611300 -5832.969
611400 -5764.3104
611500 -5672.5651
611600 -5642.5475
611700 -5699.9383
611800 -5794.8553
611900 -5835.3444
612000 -5769.8187
612100 -5665.2168
612200 -5652.2151
612300 -5748.023
612400 -5830.6085
612500 -5810.0133
612600 -5718.4007
612700 -5647.5142
612800 -5659.8444
612900 -5744.8885
613000 -5825.7781
613100 -5817.0028
613200 -5717.4779
613300 -5642.3249
613400 -5689.1888
613500 -5796.4075
613600 -5834.4705
613700 -5770.7517
613800 -5677.515
613900 -5641.6879
614000 -5693.9924
614100 -5789.1487
614200 -5835.9126
614300 -5776.876
614400 -5670.6017
614500 -5648.8529
614600 -5740.3924
614700 -5827.9644
614800 -5814.5302
614900 -5724.9299
615000 -5650.0127
615100 -5656.1953
615200 -5738.2148
615300 -5822.4431
615400 -5821.1419
615500 -5725.0588
615600 -5643.8861
615700 -5682.6389
615800 -5790.2188
615900 -5835.4685
616000 -5777.0562
616100 -5682.7478
616200 -5641.2569
616300 -5688.2599
616400 -5783.2123
616500 -5835.9529
616600 -5783.682
616700 -5676.4155
616800 -5646.072
616900 -5732.7299
617000 -5824.809
617100 -5818.6779
617200 -5731.5373
617300 -5652.9065
617400 -5652.9165
617500 -5731.5589
617600 -5818.6907
617700 -5824.7978
617800 -5732.7049
617900 -5646.0639
618000 -5676.4352
618100 -5783.7037
618200 -5835.9522
618300 -5783.1926
618400 -5688.2416
618500 -5641.2562
618600 -5682.7653
618700 -5777.0765
618800 -5835.4709
618900 -5790.1981
619000 -5682.6181
619100 -5643.8922
619200 -5725.0837
619300 -5821.1546
619400 -5822.4315
619500 -5738.193
619600 -5656.184
619700 -5650.0215
619800 -5724.9513
619900 -5814.5444
620000 -5827.955
620100 -5740.3674
620200 -5648.8429
620300 -5670.62
620400 -5776.8986
620500 -5835.9136
620600 -5789.1297
620700 -5693.9733
620800 -5641.6858
620900 -5677.5316
621000 -5770.7725
621100 -5834.4746
621200 -5796.3879
621300 -5689.1669
621400 -5642.329
621500 -5717.5025
621600 -5817.0171
621700 -5825.768
621800 -5744.8668
621900 -5659.8319
622000 -5647.5217
622100 -5718.4219
622200 -5810.0286
622300 -5830.6007
622400 -5747.9982
622500 -5652.2033
622600 -5665.2336
622700 -5769.8421
622800 -5835.3471
622900 -5794.8371
623000 -5699.9186
623100 -5642.544
623200 -5672.5807
623300 -5764.3316
623400 -5832.9747
623500 -5802.2179
623600 -5696.0176
623700 -5641.3935
623800 -5710.0352
623900 -5812.4152
624000 -5828.6658
624100 -5751.5277
624200 -5663.8356
624300 -5645.4273
624400 -5711.9996
624500 -5805.1696
624600 -5832.7258
624700 -5755.5498
624800 -5656.1212
624900 -5660.3134
625000 -5762.5752
625100 -5834.2503
625200 -5800.2846
625300 -5706.0518
625400 -5643.8274
625500 -5667.9333
625600 -5757.7853
625700 -5830.9845
625800 -5807.6572
625900 -5703.124
626000 -5641.0926
626100 -5702.7306
626200 -5807.3711
626300 -5831.1054
626400 -5758.1445
626500 -5668.1786
626600 -5643.7466
626700 -5705.7129
626800 -5799.9947
626900 -5834.3238
627000 -5762.9762
627100 -5660.5691
627200 -5655.8936
627300 -5755.1408
627400 -5832.6234
627500 -5805.443
627600 -5712.3466
627700 -5645.5309
627800 -5663.6083
627900 -5751.1653
628000 -5828.5194
628100 -5812.6778
628200 -5710.4387
628300 -5641.4282
628400 -5695.6369
628500 -5801.9097
628600 -5833.0693
628700 -5764.6858
628800 -5672.8431
628900 -5642.4862
629000 -5699.5892
629100 -5794.5322
629200 -5835.3917
629300 -5770.2328
629400 -5665.5157
629500 -5652.0054
629600 -5747.5836
629700 -5830.4698
629800 -5810.284
629900 -5718.7755
630000 -5647.6477
630100 -5659.6237
630200 -5744.5029
630300 -5825.5971
630400 -5817.2549
630500 -5717.9134
630600 -5642.3981
630700 -5688.8016
630800 -5796.0593
630900 -5834.542
631000 -5771.1201
631100 -5677.8099
631200 -5641.6513
631300 -5693.655
631400 -5788.8116
631500 -5835.9293
631600 -5777.2766
631700 -5670.9265
631800 -5648.6761
631900 -5739.9499
632000 -5827.7959
632100 -5814.7802
632200 -5725.31
632300 -5650.1693
632400 -5655.9955
632500 -5737.8293
632600 -5822.2373
632700 -5821.3665
632800 -5725.4995
632900 -5643.9953
633000 -5682.2705
633100 -5789.8508
633200 -5835.5105
633300 -5777.4157
633400 -5683.0584
633500 -5641.2452
633600 -5687.9356
633700 -5782.8627
633800 -5835.9392
633900 -5784.0669
634000 -5676.7639
634100 -5645.9295
634200 -5732.2871
634300 -5824.6112
634400 -5818.9058
634500 -5731.9209
634600 -5653.0856
634700 -5652.7386
634800 -5731.1754
634900 -5818.4616
635000 -5824.994
635100 -5733.1478
635200 -5646.2083
635300 -5676.0881
635400 -5783.3179
635500 -5835.9643
635600 -5783.5415
635700 -5688.5667
635800 -5641.2694
635900 -5682.4555
636000 -5776.7164
636100 -5835.4272
636200 -5790.5651
636300 -5682.9876
636400 -5643.7849
636500 -5724.6432
636600 -5820.9284
636700 -5822.6359
636800 -5738.5786
636900 -5656.3849
637000 -5649.8661
637100 -5724.5715
637200 -5814.2932
637300 -5828.1219
637400 -5740.8098
637500 -5649.0215
637600 -5670.2966
637700 -5776.4972
637800 -5835.8952
637900 -5789.4662
638000 -5694.3114
638100 -5641.7238
638200 -5677.2375
638300 -5770.4036
638400 -5834.4015
638500 -5796.735
638600 -5689.5551
638700 -5642.2577
638800 -5717.0673
638900 -5816.7635
639000 -5825.9476
639100 -5745.2524
639200 -5660.0538
639300 -5647.3895
639400 -5718.0475
639500 -5809.7568
639600 -5830.7378
639700 -5748.4373
639800 -5652.4148
639900 -5664.9362
640000 -5769.4274
640100 -5835.2982
640200 -5795.1593
640300 -5700.2682
640400 -5642.6067
640500 -5672.3037
640600 -5763.9558
640700 -5832.8729
640800 -5802.5432
640900 -5696.4218
641000 -5641.3588
641100 -5709.6081
641200 -5812.1355
641300 -5828.8195
641400 -5751.9117
641500 -5664.0775
641600 -5645.3188
641700 -5711.6323
641800 -5804.8788
641900 -5832.8325
642000 -5755.9829
642100 -5656.3642
642200 -5660.044
642300 -5762.1496
642400 -5834.1707
642500 -5800.5909
642600 -5706.4115
642700 -5643.9145
642800 -5667.6743
642900 -5757.4044
643000 -5830.8548
643100 -5807.959
643200 -5703.5416
643300 -5641.0947
643400 -5702.3144
643500 -5807.0665
643600 -5831.2321
643700 -5758.525
643800 -5668.4396
643900 -5643.6622
644000 -5705.3543
644100 -5799.6865
644200 -5834.4
644300 -5763.4007
644400 -5660.8418
644500 -5655.6541
644600 -5754.7069
644700 -5832.5132
644800 -5805.7317
644900 -5712.7149
645000 -5645.6421
645100 -5663.3686
645200 -5750.781
645300 -5828.3628
645400 -5812.9547
645500 -5710.8668
645600 -5641.4671
645700 -5695.2344
645800 -5801.5819
645900 -5833.1679
646000 -5765.061
646100 -5673.1222
646200 -5642.4264
646300 -5699.2408
646400 -5794.2083
646500 -5835.4372
646600 -5770.6461
646700 -5665.8162
646800 -5651.7975
646900 -5747.144
647000 -5830.3293
647100 -5810.5535
647200 -5719.1506
647300 -5647.7825
647400 -5659.4041
647500 -5744.1171
647600 -5825.4146
647700 -5817.5054
647800 -5718.3494
647900 -5642.4735
648000 -5688.4153
648100 -5795.7099
648200 -5834.6118
648300 -5771.4881
648400 -5678.1058
648500 -5641.6162
648600 -5693.3183
648700 -5788.4736
648800 -5835.9442
648900 -5777.6764
649000 -5671.2526
649100 -5648.5013
649200 -5739.5073
649300 -5827.6256
649400 -5815.029
649500 -5725.6903
649600 -5650.3272
649700 -5655.797
649800 -5737.4439
649900 -5822.0302
650000 -5821.5895
650100 -5725.9403
650200 -5644.1066
650300 -5681.9032
650400 -5789.4817
650500 -5835.5509
650600 -5777.7747
650700 -5683.37
650800 -5641.2348
650900 -5687.6121
651000 -5782.5126
651100 -5835.9238
651200 -5784.4508
651300 -5677.1135
651400 -5645.789
651500 -5731.8442
651600 -5824.4117
651700 -5819.1324
651800 -5732.3048
651900 -5653.266
652000 -5652.562
652100 -5730.792
652200 -5818.2311
652300 -5825.1886
652400 -5733.5908
652500 -5646.3548
652600 -5675.7423
652700 -5782.9312
652800 -5835.9746
652900 -5783.8897
653000 -5688.8925
653100 -5641.2839
653200 -5682.1465
653300 -5776.3557
653400 -5835.3818
653500 -5790.931
653600 -5683.3583
653700 -5643.6797
653800 -5724.203
653900 -5820.7007
654000 -5822.8389
654100 -5738.9642
654200 -5656.587
654300 -5649.7121
654400 -5724.192
654500 -5814.0407
654600 -5828.2872
654700 -5741.2521
654800 -5649.2021
654900 -5669.9747
655000 -5776.095
655100 -5835.8751
655200 -5789.8018
655300 -5694.6502
655400 -5641.7632
655500 -5676.9444
655600 -5770.0343
655700 -5834.3267
655800 -5797.0809
655900 -5689.9443
656000 -5642.1886
656100 -5716.6325
656200 -5816.5084
656300 -5826.1258
656400 -5745.638
656500 -5660.2769
656600 -5647.2587
656700 -5717.6734
656800 -5809.4839
656900 -5830.8732
657000 -5748.8761
657100 -5652.6282
657200 -5664.6403
657300 -5769.012
657400 -5835.2475
657500 -5795.4807
657600 -5700.6185
657700 -5642.6708
657800 -5672.0276
657900 -5763.5796
658000 -5832.7695
658100 -5802.8672
658200 -5696.8269
658300 -5641.3262
658400 -5709.1815
658500 -5811.8543
658600 -5828.9716
658700 -5752.2955
658800 -5664.3206
658900 -5645.2117
659000 -5711.2654
659100 -5804.587
659200 -5832.9375
659300 -5756.4156
659400 -5656.6089
659500 -5659.7762
659600 -5761.7235
659700 -5834.0893
659800 -5800.8962
659900 -5706.7718
660000 -5644.003
660100 -5667.4164
660200 -5757.0232
660300 -5830.7235
660400 -5808.2595
660500 -5703.9598
660600 -5641.0988
660700 -5701.8989
660800 -5806.7606
660900 -5831.3571
661000 -5758.9052
661100 -5668.7017
661200 -5643.5793
661300 -5704.9962
661400 -5799.3774
661500 -5834.4744
661600 -5763.8246
661700 -5661.1161
661800 -5655.4164
661900 -5754.2726
662000 -5832.4013
662100 -5806.0194
662200 -5713.0835
662300 -5645.7546
662400 -5663.13
662500 -5750.3967
662600 -5828.2046
662700 -5813.23
662800 -5711.2955
662900 -5641.508
663000 -5694.8327
663100 -5801.2527
663200 -5833.2649
663300 -5765.4357
663400 -5673.4022
663500 -5642.3679
663600 -5698.893
663700 -5793.8836
663800 -5835.4809
663900 -5771.0587
664000 -5666.1182
664100 -5651.5915
664200 -5746.7042
664300 -5830.1871
664400 -5810.8219
664500 -5719.526
664600 -5647.9187
664700 -5659.1857
664800 -5743.7314
664900 -5825.2307
665000 -5817.7544
665100 -5718.7856
665200 -5642.5509
665300 -5688.0301
665400 -5795.3593
665500 -5834.68
665600 -5771.8556
665700 -5678.4027
665800 -5641.5824
665900 -5692.9824
666000 -5788.135
666100 -5835.9573
666200 -5778.0753
666300 -5671.5802
666400 -5648.3284
666500 -5739.0647
666600 -5827.4536
666700 -5815.2766
666800 -5726.0709
666900 -5650.4864
667000 -5655.5998
667100 -5737.0585
667200 -5821.8217
667300 -5821.8109
667400 -5726.3814
667500 -5644.2199
667600 -5681.5371
667700 -5789.1115
667800 -5835.5895
667900 -5778.1332
668000 -5683.6824
668100 -5641.226
668200 -5687.2894
668300 -5782.1617
668400 -5835.9066
668500 -5784.8337
668600 -5677.4644
668700 -5645.6505
668800 -5731.4015
668900 -5824.2106
669000 -5819.3576
669100 -5732.6888
669200 -5653.4476
669300 -5652.3867
669400 -5730.4088
669500 -5817.9993
669600 -5825.3814
669700 -5734.0338
669800 -5646.5032
669900 -5675.3978
670000 -5782.5435
670100 -5835.9831
670200 -5784.2372
670300 -5689.2191
670400 -5641.2999
670500 -5681.8384
670600 -5775.9945
670700 -5835.3347
670800 -5791.2957
670900 -5683.7301
671000 -5643.5766
671100 -5723.7631
671200 -5820.4713
671300 -5823.0406
671400 -5739.3498
671500 -5656.7904
671600 -5649.5594
671700 -5723.8127
671800 -5813.7871
671900 -5828.4507
672000 -5741.6942
672100 -5649.3845
672200 -5669.6542
672300 -5775.6919
672400 -5835.8533
672500 -5790.1367
672600 -5694.9896
672700 -5641.804
672800 -5676.6522
672900 -5769.6645
673000 -5834.2503
673100 -5797.4255
673200 -5690.3345
673300 -5642.1215
673400 -5716.1981
673500 -5816.2518
673600 -5826.3025
673700 -5746.0236
673800 -5660.5011
673900 -5647.1292
674000 -5717.2998
674100 -5809.2099
674200 -5831.0068
674300 -5749.3146
674400 -5652.8434
674500 -5664.346
674600 -5768.5959
674700 -5835.195
674800 -5795.8011
674900 -5700.9693
675000 -5642.7362
675100 -5671.7526
675200 -5763.2031
675300 -5832.6644
675400 -5803.1899
675500 -5697.2328
675600 -5641.2958
675700 -5708.7555
675800 -5811.5716
675900 -5829.1222
676000 -5752.6791
676100 -5664.5648
676200 -5645.106
676300 -5710.899
676400 -5804.2941
676500 -5833.0408
676600 -5756.8478
676700 -5656.8553
676800 -5659.5102
676900 -5761.2968
677000 -5834.0061
677100 -5801.2006
677200 -5707.1326
677300 -5644.0929
677400 -5667.1597
677500 -5756.6418
677600 -5830.5906
677700 -5808.5585
677800 -5704.3788
677900 -5641.1052
678000 -5701.4841
678100 -5806.4532
678200 -5831.4805
678300 -5759.2851
678400 -5668.9649
678500 -5643.4977
678600 -5704.6386
678700 -5799.0673
678800 -5834.547
678900 -5764.2479
679000 -5661.392
679100 -5655.1805
679200 -5753.8379
679300 -5832.2876
679400 -5806.306
679500 -5713.4526
679600 -5645.8686
679700 -5662.8925
679800 -5750.0121
679900 -5828.0449
680000 -5813.5039
680100 -5711.7247
680200 -5641.5511
680300 -5694.4319
680400 -5800.9223
680500 -5833.3603
680600 -5765.8101
680700 -5673.6833
680800 -5642.3109
680900 -5698.5459
681000 -5793.5579
681100 -5835.5229
681200 -5771.4706
681300 -5666.4217
681400 -5651.3873
681500 -5746.2641
681600 -5830.0432
681700 -5811.0891
681800 -5719.9018
681900 -5648.0562
682000 -5658.9686
682100 -5743.3456
682200 -5825.0453
682300 -5818.0018
682400 -5719.2223
682500 -5642.6304
682600 -5687.646
682700 -5795.0075
682800 -5834.7464
682900 -5772.2226
683000 -5678.7005
683100 -5641.5501
683200 -5692.6471
683300 -5787.7955
683400 -5835.9687
683500 -5778.4733
683600 -5671.9092
683700 -5648.1575
683800 -5738.6219
683900 -5827.2799
684000 -5815.5229
684100 -5726.4517
684200 -5650.647
684300 -5655.4038
684400 -5736.6732
684500 -5821.6118
684600 -5822.0307
684700 -5726.8226
684800 -5644.3353
684900 -5681.1722
685000 -5788.7402
685100 -5835.6264
685200 -5778.491
685300 -5683.9956
685400 -5641.2185
685500 -5686.9676
685600 -5781.8102
685700 -5835.8877
685800 -5785.2157
685900 -5677.8165
686000 -5645.514
686100 -5730.9589
686200 -5824.0079
686300 -5819.5816
686400 -5733.0729
686500 -5653.6306
686600 -5652.2126
686700 -5730.0258
686800 -5817.7662
686900 -5825.5726
687000 -5734.4768
687100 -5646.6536
687200 -5675.0546
687300 -5782.1548
687400 -5835.9899
687500 -5784.5841
687600 -5689.5465
687700 -5641.3174
687800 -5681.5312
687900 -5775.6328
688000 -5835.2859
688100 -5791.6594
688200 -5684.103
688300 -5643.4755
688400 -5723.3233
688500 -5820.2403
688600 -5823.2408
688700 -5739.7355
688800 -5656.995
688900 -5649.408
689000 -5723.4337
689100 -5813.5322
689200 -5828.6125
689300 -5742.1363
689400 -5649.569
689500 -5669.3352
689600 -5775.288
689700 -5835.8297
689800 -5790.4708
689900 -5695.3298
690000 -5641.8463
690100 -5676.361
690200 -5769.2943
690300 -5834.1721
690400 -5797.769
690500 -5690.7257
690600 -5642.0566
690700 -5715.7641
690800 -5815.9936
690900 -5826.4777
691000 -5746.4091
691100 -5660.7266
691200 -5647.0011
691300 -5716.9265
691400 -5808.9347
691500 -5831.1386
691600 -5749.7529
691700 -5653.0605
691800 -5664.0533
691900 -5768.1791
692000 -5835.1407
692100 -5796.1207
692200 -5701.3208
692300 -5642.8031
692400 -5671.4785
692500 -5762.8263
692600 -5832.5576
692700 -5803.5113
692800 -5697.6396
692900 -5641.2674
693000 -5708.3301
693100 -5811.2874
693200 -5829.2713
693300 -5753.0626
693400 -5664.8102
693500 -5645.0017
693600 -5710.5331
693700 -5804.0002
693800 -5833.1422
693900 -5757.2796
694000 -5657.1036
694100 -5659.2458
694200 -5760.8696
694300 -5833.9212
694400 -5801.504
694500 -5707.4938
694600 -5644.1842
694700 -5666.904
694800 -5756.2602
694900 -5830.4562
695000 -5808.8561
695100 -5704.7984
695200 -5641.1136
695300 -5701.07
695400 -5806.1445
695500 -5831.6024
695600 -5759.6648
695700 -5669.2291
695800 -5643.4176
695900 -5704.2816
696000 -5798.7562
696100 -5834.6179
696200 -5764.6706
696300 -5661.6697
696400 -5654.9463
696500 -5753.4028
696600 -5832.1721
696700 -5806.5915
696800 -5713.8221
696900 -5645.9839
697000 -5662.6562
697100 -5749.6275
697200 -5827.8837
697300 -5813.7763
697400 -5712.1544
697500 -5641.5963
697600 -5694.0319
697700 -5800.5906
697800 -5833.454
697900 -5766.1841
698000 -5673.9653
698100 -5642.2552
698200 -5698.1994
698300 -5793.2315
698400 -5835.5631
698500 -5771.8817
698600 -5666.7268
698700 -5651.185
698800 -5745.8238
698900 -5829.8975
699000 -5811.3551
699100 -5720.2779
699200 -5648.195
699300 -5658.7526
699400 -5742.9598
699500 -5824.8585
699600 -5818.2476
699700 -5719.6592
699800 -5642.712
699900 -5687.2629
700000 -5794.6545
700100 -5834.8112
700200 -5772.5891
700300 -5678.9992
700400 -5641.5192
700500 -5692.3127
700600 -5787.4554
700700 -5835.9783
700800 -5778.8705
700900 -5672.2396
701000 -5647.9886
701100 -5738.1791
701200 -5827.1045
701300 -5815.768
701400 -5726.8327
701500 -5650.8088
701600 -5655.209
701700 -5736.288
701800 -5821.4005
701900 -5822.2488
702000 -5727.264
702100 -5644.4527
702200 -5680.8085
702300 -5788.3679
702400 -5835.6615
702500 -5778.8483
702600 -5684.3097
702700 -5641.2125
702800 -5686.6465
702900 -5781.4581
703000 -5835.867
703100 -5785.5966
703200 -5678.17
703300 -5645.3795
703400 -5730.5163
703500 -5823.8035
703600 -5819.8042
703700 -5733.4572
703800 -5653.8148
703900 -5652.0399
704000 -5729.643
704100 -5817.5319
704200 -5825.7621
704300 -5734.9199
704400 -5646.8061
704500 -5674.7128
704600 -5781.7652
704700 -5835.995
704800 -5784.9302
704900 -5689.8747
705000 -5641.3362
705001 -5642.8804
