0 0
1 0
1 0
100001 0
100001 0
200001 0
200001 0
205001 0
205001 -6406.6415
205100 -6449.4591
205200 -6571.5131
205300 -6627.8029
205400 -6565.3525
205500 -6457.7399
205600 -6406.77
205700 -6456.3525
205800 -6563.8029
205900 -6627.6809
206000 -6573.1586
206100 -6451.0257
206200 -6410.6977
206300 -6505.3881
206400 -6612.8131
206500 -6610.9942
206600 -6513.9884
206700 -6422.2891
206800 -6418.003
206900 -6504.7781
207000 -6605.5074
207100 -6617.543
207200 -6516.0208
207300 -6414.1422
207400 -6442.6783
207500 -6563.907
207600 -6627.9897
207700 -6572.1871
207800 -6464.1481
207900 -6407.0688
208000 -6450.2907
208100 -6556.7131
208200 -6626.7743
208300 -6580.3366
208400 -6458.3169
208500 -6408.6494
208600 -6496.7429
208700 -6608.3242
208800 -6614.9699
208900 -6521.5641
209000 -6426.2712
209100 -6414.9887
209200 -6497.3242
209300 -6600.5378
209400 -6620.7742
209500 -6524.7075
209600 -6417.7058
209700 -6436.3672
209800 -6555.998
209900 -6627.579
210000 -6578.7742
210100 -6470.8096
210200 -6407.8553
210300 -6444.5408
210400 -6549.4541
210500 -6625.2907
210600 -6587.1203
210700 -6465.9706
210800 -6407.3098
210900 -6488.2055
211000 -6603.2993
211100 -6618.4567
211200 -6529.1388
211300 -6430.6638
211400 -6412.4306
211500 -6489.9793
211600 -6595.1667
211700 -6623.4176
211800 -6533.3251
211900 -6421.9138
212000 -6430.5694
212100 -6547.8317
212200 -6626.5667
212300 -6585.0792
212400 -6477.696
212500 -6409.1265
212600 -6439.1265
212700 -6542.0615
212800 -6623.2441
212900 -6593.4735
213000 -6473.9353
213100 -6406.6884
213200 -6479.8315
213300 -6597.7619
213400 -6621.4314
213500 -6536.6772
213600 -6435.4493
213700 -6410.3388
213800 -6482.7761
213900 -6589.4247
214000 -6625.4649
214100 -6541.8205
214200 -6426.7362
214300 -6425.3253
214400 -6539.4561
214500 -6624.9519
214600 -6591.0687
214700 -6484.7777
214800 -6410.8772
214900 -6434.0703
215000 -6534.5713
215100 -6620.651
215200 -6599.3632
215300 -6482.1575
215400 -6406.7897
215500 -6471.676
215600 -6591.7393
215700 -6623.8732
215800 -6544.1437
215900 -6440.6079
216000 -6408.7218
216100 -6475.7461
216200 -6583.3435
216300 -6626.911
216400 -6550.1424
216500 -6432.1393
216600 -6420.6718
216700 -6530.9213
216800 -6622.737
216900 -6596.71
217000 -6492.0238
217100 -6413.1005
217200 -6429.393
217300 -6527.0191
217400 -6617.5307
217500 -6604.7596
217600 -6490.5828
217700 -6407.613
217800 -6463.7931
217900 -6585.262
218000 -6625.7637
218100 -6551.5025
218200 -6446.1186
218300 -6407.586
218400 -6468.9197
218500 -6576.956
218600 -6627.7546
218700 -6558.2413
218800 -6438.0851
218900 -6416.6415
219000 -6522.2789
219100 -6619.9279
219200 -6601.9716
219300 -6499.4025
219400 -6415.7875
219500 -6425.1136
219600 -6519.4406
219700 -6613.9045
219800 -6609.6366
219900 -6499.156
220000 -6409.1523
220100 -6456.2358
220200 -6578.364
220300 -6627.087
220400 -6558.7177
220500 -6451.9584
220600 -6406.9358
220700 -6462.3263
220800 -6570.2961
220900 -6627.9974
221000 -6566.07
221100 -6444.5323
221200 -6413.263
221300 -6513.5825
221400 -6616.5341
221500 -6606.8235
221600 -6506.881
221700 -6418.9275
221800 -6421.2496
221900 -6511.871
222000 -6609.7963
222100 -6613.9716
222200 -6507.8215
222300 -6411.3967
222400 -6449.0552
222500 -6571.0825
222600 -6627.8299
222700 -6565.7536
222800 -6458.1029
222900 -6406.7739
223000 -6455.9941
223100 -6563.3984
223200 -6627.6445
223300 -6573.5835
223400 -6451.4364
223500 -6410.5603
223600 -6504.8865
223700 -6612.5686
223800 -6611.2369
223900 -6514.4257
224000 -6422.5078
224100 -6417.8165
224200 -6504.3448
224300 -6605.2316
224400 -6617.7456
224500 -6516.5239
224600 -6414.3301
224700 -6442.3003
224800 -6563.4577
224900 -6627.9823
225000 -6572.5749
225100 -6464.5265
225200 -6407.101
225300 -6449.9497
225400 -6556.2978
225500 -6626.7041
225600 -6580.7398
225700 -6458.7499
225800 -6408.5526
225900 -6496.2459
226000 -6608.0482
226100 -6615.185
226200 -6522.0023
226300 -6426.514
226400 -6414.8283
226500 -6496.8964
226600 -6600.238
226700 -6620.9431
226800 -6525.208
226900 -6417.9318
227000 -6436.0177
227100 -6555.5325
227200 -6627.5369
227300 -6579.1466
227400 -6471.2018
227500 -6407.9156
227600 -6444.2185
227700 -6549.0301
227800 -6625.1876
227900 -6587.4996
228000 -6466.423
228100 -6407.2543
228200 -6487.7165
228300 -6602.9929
228400 -6618.6428
228500 -6529.5758
228600 -6430.9299
228700 -6412.2969
228800 -6489.5588
228900 -6594.8446
229000 -6623.5522
229100 -6533.8199
229200 -6422.1761
229300 -6430.2508
229400 -6547.3529
229500 -6626.4898
229600 -6585.4343
229700 -6478.1003
229800 -6409.2147
229900 -6438.8243
230000 -6541.6309
230100 -6623.1089
230200 -6593.8269
230300 -6474.404
230400 -6406.6746
230500 -6479.3537
230600 -6597.4268
230700 -6621.5873
230800 -6537.1111
230900 -6435.7375
231000 -6410.2323
231100 -6482.3648
231200 -6589.0821
231300 -6625.5649
231400 -6542.3067
231500 -6427.0331
231600 -6425.0399
231700 -6538.9667
231800 -6624.8402
231900 -6591.4045
232000 -6485.1924
232100 -6410.9929
232200 -6433.7895
232300 -6534.1361
232400 -6620.4848
232500 -6599.6888
232600 -6482.6395
232700 -6406.8177
232800 -6471.2124
232900 -6591.377
233000 -6623.9977
233100 -6544.5723
233200 -6440.9171
233300 -6408.643
233400 -6475.3457
233500 -6582.9823
233600 -6626.9762
233700 -6550.6171
233800 -6432.4686
233900 -6420.4215
234000 -6530.4241
234100 -6622.5907
234200 -6597.0247
234300 -6492.447
234400 -6413.2433
234500 -6429.1346
234600 -6526.5815
234700 -6617.3347
234800 -6605.0559
234900 -6491.0749
235000 -6407.6825
235100 -6463.3469
235200 -6584.8744
235300 -6625.8558
235400 -6551.9238
235500 -6446.4474
235600 -6407.5351
235700 -6468.532
235800 -6576.5782
235900 -6627.7849
236000 -6558.7016
236100 -6438.4445
236200 -6416.4282
236300 -6521.7772
236400 -6619.7475
236500 -6602.2635
236600 -6499.8324
236700 -6415.9568
236800 -6424.8788
236900 -6519.0025
237000 -6613.68
237100 -6609.9021
237200 -6499.6549
237300 -6409.2629
237400 -6455.81
237500 -6577.9532
237600 -6627.1458
237700 -6559.1296
237800 -6452.3055
237900 -6406.9131
238000 -6461.9529
238100 -6569.9036
238200 -6627.9931
238300 -6566.5133
238400 -6444.9194
238500 -6413.0882
238600 -6513.0793
238700 -6616.3203
238800 -6607.0908
238900 -6507.3156
239000 -6419.1226
239100 -6421.0393
239200 -6511.4344
239300 -6609.5446
239400 -6614.2052
239500 -6508.324
239600 -6411.5476
239700 -6448.6527
239800 -6570.6507
239900 -6627.8549
240000 -6566.1541
240100 -6458.4669
240200 -6406.7795
240300 -6455.6366
240400 -6562.9931
240500 -6627.606
240600 -6574.0073
240700 -6451.8484
240800 -6410.4251
240900 -6504.385
241000 -6612.3223
241100 -6611.478
241200 -6514.8631
241300 -6422.7279
241400 -6417.6316
241500 -6503.9119
241600 -6604.9544
241700 -6617.9462
241800 -6517.0268
241900 -6414.5203
242000 -6441.9239
242100 -6563.0073
242200 -6627.9729
242300 -6572.9619
242400 -6464.9057
242500 -6407.1348
242600 -6449.6096
242700 -6555.882
242800 -6626.632
242900 -6581.1417
243000 -6459.1841
243100 -6408.4581
243200 -6495.7494
243300 -6607.7703
243400 -6615.3985
243500 -6522.4404
243600 -6426.7583
243700 -6414.6694
243800 -6496.4689
243900 -6599.9369
244000 -6621.11
244100 -6525.7083
244200 -6418.1599
244300 -6435.6699
244400 -6555.0662
244500 -6627.4928
244600 -6579.5181
244700 -6471.5947
244800 -6407.9776
244900 -6443.8973
245000 -6548.6057
245100 -6625.0826
245200 -6587.8774
245300 -6466.8765
245400 -6407.2011
245500 -6487.228
245600 -6602.6849
245700 -6618.8272
245800 -6530.0128
245900 -6431.1973
246000 -6412.1647
246100 -6489.1388
246200 -6594.5213
246300 -6623.6849
246400 -6534.3144
246500 -6422.4405
246600 -6429.9341
246700 -6546.8733
246800 -6626.4108
246900 -6585.7884
247000 -6478.5053
247100 -6409.3045
247200 -6438.5233
247300 -6541.2
247400 -6622.9719
247500 -6594.1787
247600 -6474.8736
247700 -6406.6631
247800 -6478.8765
247900 -6597.09
248000 -6621.7413
248100 -6537.5447
248200 -6436.0269
248300 -6410.1275
248400 -6481.954
248500 -6588.7384
248600 -6625.6629
248700 -6542.7924
248800 -6427.3318
248900 -6424.7565
249000 -6538.4767
249100 -6624.7264
249200 -6591.7392
249300 -6485.6076
249400 -6411.1102
249500 -6433.5099
249600 -6533.7008
249700 -6620.3169
249800 -6600.0127
249900 -6483.1221
250000 -6406.848
250100 -6470.7498
250200 -6591.0131
250300 -6624.1203
250400 -6545.0006
250500 -6441.2274
250600 -6408.5658
250700 -6474.9459
250800 -6582.6201
250900 -6627.0394
251000 -6551.091
251100 -6432.7996
251200 -6420.1734
251300 -6529.9267
251400 -6622.4425
251500 -6597.3382
251600 -6492.8707
251700 -6413.3876
251800 -6428.8776
251900 -6526.1437
252000 -6617.1369
252100 -6605.3504
252200 -6491.5674
252300 -6407.7545
252400 -6462.9019
252500 -6584.4854
252600 -6625.9459
252700 -6552.3446
252800 -6446.7773
252900 -6407.4859
253000 -6468.145
253100 -6576.1994
253200 -6627.8133
253300 -6559.161
253400 -6438.8056
253500 -6416.2171
253600 -6521.2754
253700 -6619.5652
253800 -6602.554
253900 -6500.2626
254000 -6416.1276
254100 -6424.6454
254200 -6518.5645
254300 -6613.4538
254400 -6610.1658
254500 -6500.1541
254600 -6409.3759
254700 -6455.3855
254800 -6577.5412
254900 -6627.2027
255000 -6559.5409
255100 -6452.6536
255200 -6406.8921
255300 -6461.5804
255400 -6569.5102
255500 -6627.9869
255600 -6566.9555
255700 -6445.308
255800 -6412.9156
255900 -6512.5762
256000 -6616.1046
256100 -6607.3566
256200 -6507.7505
256300 -6419.3191
256400 -6420.8304
256500 -6510.9981
256600 -6609.2914
256700 -6614.4369
256800 -6508.8267
256900 -6411.7009
257000 -6448.2517
257100 -6570.2178
257200 -6627.8779
257300 -6566.5538
257400 -6458.8317
257500 -6406.7867
257600 -6455.2801
257700 -6562.5872
257800 -6627.5656
257900 -6574.4298
258000 -6452.2618
258100 -6410.2923
258200 -6503.8837
258300 -6612.0741
258400 -6611.7176
258500 -6515.3006
258600 -6422.9495
258700 -6417.4481
258800 -6503.4792
258900 -6604.6757
259000 -6618.1449
259100 -6517.5297
259200 -6414.7128
259300 -6441.5491
259400 -6562.556
259500 -6627.9614
259600 -6573.348
259700 -6465.2858
259800 -6407.1703
259900 -6449.2707
260000 -6555.4655
260100 -6626.558
260200 -6581.5422
260300 -6459.6195
260400 -6408.366
260500 -6495.2532
260600 -6607.4907
260700 -6615.6103
260800 -6522.8786
260900 -6427.0039
261000 -6414.5121
261100 -6496.0418
261200 -6599.6344
261300 -6621.2749
261400 -6526.2083
261500 -6418.3901
261600 -6435.3239
261700 -6554.5991
261800 -6627.4467
261900 -6579.8886
262000 -6471.9884
262100 -6408.0411
262200 -6443.5772
262300 -6548.1808
262400 -6624.9757
262500 -6588.2538
262600 -6467.3309
262700 -6407.1504
262800 -6486.7402
262900 -6602.3751
263000 -6619.0098
263100 -6530.4496
263200 -6431.466
263300 -6412.0342
263400 -6488.7192
263500 -6594.1968
263600 -6623.8155
263700 -6534.8084
263800 -6422.7069
263900 -6429.6193
264000 -6546.393
264100 -6626.3299
264200 -6586.1413
264300 -6478.9109
264400 -6409.3958
264500 -6438.2235
264600 -6540.7687
264700 -6622.8331
264800 -6594.5289
264900 -6475.3441
265000 -6406.6541
265100 -6478.4001
265200 -6596.7516
265300 -6621.8936
265400 -6537.9781
265500 -6436.3176
265600 -6410.0242
265700 -6481.5438
265800 -6588.3936
265900 -6625.7588
266000 -6543.2774
266100 -6427.6325
266200 -6424.4751
266300 -6537.9862
266400 -6624.6107
266500 -6592.0727
266600 -6486.0233
266700 -6411.2291
266800 -6433.2315
266900 -6533.2652
267000 -6620.1472
267100 -6600.335
267200 -6483.6055
267300 -6406.8808
267400 -6470.2881
267500 -6590.6478
267600 -6624.241
267700 -6545.4284
267800 -6441.5389
267900 -6408.4902
268000 -6474.5469
268100 -6582.2569
268200 -6627.1005
268300 -6551.5641
268400 -6433.1325
268500 -6419.9274
268600 -6529.4289
268700 -6622.2922
268800 -6597.6504
268900 -6493.2947
269000 -6413.5335
269100 -6428.6219
269200 -6525.7059
269300 -6616.9375
269400 -6605.6432
269500 -6492.0604
269600 -6407.8288
269700 -6462.4579
269800 -6584.095
269900 -6626.0342
270000 -6552.7649
270100 -6447.1083
270200 -6407.4383
270300 -6467.7589
270400 -6575.8197
270500 -6627.8396
270600 -6559.6195
270700 -6439.1683
270800 -6416.0082
270900 -6520.7733
271000 -6619.381
271100 -6602.8431
271200 -6500.6931
271300 -6416.2999
271400 -6424.4134
271500 -6518.1264
271600 -6613.226
271700 -6610.4277
271800 -6500.6536
271900 -6409.4913
272000 -6454.9623
272100 -6577.1278
272200 -6627.2577
272300 -6559.9516
272400 -6453.0027
272500 -6406.8727
272600 -6461.2088
272700 -6569.1161
272800 -6627.9787
272900 -6567.3966
273000 -6445.6981
273100 -6412.7453
273200 -6512.073
273300 -6615.887
273400 -6607.6209
273500 -6508.1855
273600 -6419.5172
273700 -6420.623
273800 -6510.5618
273900 -6609.0367
274000 -6614.6667
274100 -6509.3294
274200 -6411.8565
274300 -6447.852
274400 -6569.7838
274500 -6627.8989
274600 -6566.9528
274700 -6459.1975
274800 -6406.7956
274900 -6454.9246
275000 -6562.1806
275100 -6627.5232
275200 -6574.8512
275300 -6452.6766
275400 -6410.1619
275500 -6503.3826
275600 -6611.824
275700 -6611.9556
275800 -6515.7382
275900 -6423.1724
276000 -6417.2661
276100 -6503.0468
276200 -6604.3956
276300 -6618.3417
276400 -6518.0325
276500 -6414.9074
276600 -6441.1758
276700 -6562.1037
276800 -6627.948
276900 -6573.7333
277000 -6465.6667
277100 -6407.2073
277200 -6448.9327
277300 -6555.0486
277400 -6626.4821
277500 -6581.9414
277600 -6460.0561
277700 -6408.2763
277800 -6494.7574
277900 -6607.2093
278000 -6615.8204
278100 -6523.3167
278200 -6427.2509
278300 -6414.3563
278400 -6495.6151
278500 -6599.3306
278600 -6621.4379
278700 -6526.708
278800 -6418.6225
278900 -6434.9796
279000 -6554.1311
279100 -6627.3985
279200 -6580.2582
279300 -6472.3828
279400 -6408.1063
279500 -6443.2583
279600 -6547.7555
279700 -6624.867
279800 -6588.6287
279900 -6467.7864
280000 -6407.1021
280100 -6486.2529
280200 -6602.0636
280300 -6619.1908
280400 -6530.8862
280500 -6431.736
280600 -6411.9052
280700 -6488.3002
280800 -6593.871
280900 -6623.9442
281000 -6535.302
281100 -6422.9753
281200 -6429.3063
281300 -6545.9121
281400 -6626.2469
281500 -6586.4932
281600 -6479.3171
281700 -6409.4888
281800 -6437.9249
281900 -6540.3372
282000 -6622.6925
282100 -6594.8776
282200 -6475.8154
282300 -6406.6475
282400 -6477.9245
282500 -6596.4116
282600 -6622.044
282700 -6538.4112
282800 -6436.6096
282900 -6409.9225
283000 -6481.1342
283100 -6588.0477
283200 -6625.8528
283300 -6543.7618
283400 -6427.9352
283500 -6424.1957
283600 -6537.4952
283700 -6624.493
283800 -6592.4051
283900 -6486.4396
284000 -6411.3495
284100 -6432.9545
284200 -6532.8294
284300 -6619.9757
284400 -6600.6557
284500 -6484.0894
284600 -6406.916
284700 -6469.8273
284800 -6590.281
284900 -6624.3599
285000 -6545.8559
285100 -6441.8515
285200 -6408.4162
285300 -6474.1486
285400 -6581.8927
285500 -6627.1596
285600 -6552.0365
285700 -6433.4672
285800 -6419.6835
285900 -6528.9308
286000 -6622.14
286100 -6597.9613
286200 -6493.7192
286300 -6413.6809
286400 -6428.3675
286500 -6525.268
286600 -6616.7364
286700 -6605.9342
286800 -6492.5539
286900 -6407.9055
287000 -6462.015
287100 -6583.7033
287200 -6626.1206
287300 -6553.1847
287400 -6447.4404
287500 -6407.3923
287600 -6467.3735
287700 -6575.4392
287800 -6627.864
287900 -6560.077
288000 -6439.5327
288100 -6415.8015
288200 -6520.2711
288300 -6619.1948
288400 -6603.1309
288500 -6501.1239
288600 -6416.4737
288700 -6424.1827
288800 -6517.6884
288900 -6612.9966
289000 -6610.6878
289100 -6501.1533
289200 -6409.609
289300 -6454.5403
289400 -6576.7132
289500 -6627.3107
289600 -6560.3616
289700 -6453.3528
289800 -6406.8549
289900 -6460.8381
290000 -6568.7212
290100 -6627.9685
290200 -6567.8367
290300 -6446.0896
290400 -6412.5773
290500 -6511.5699
290600 -6615.6675
290700 -6607.8838
290800 -6508.6207
290900 -6419.7167
291000 -6420.417
291100 -6510.1258
291200 -6608.7805
291300 -6614.8946
291400 -6509.8323
291500 -6412.0143
291600 -6447.4539
291700 -6569.3486
291800 -6627.9179
291900 -6567.3511
292000 -6459.5642
292100 -6406.8061
292200 -6454.5701
292300 -6561.7734
292400 -6627.4789
292500 -6575.2713
292600 -6453.0927
292700 -6410.0337
292800 -6502.8818
292900 -6611.5721
293000 -6612.192
293100 -6516.1759
293200 -6423.3968
293300 -6417.0857
293400 -6502.6146
293500 -6604.1141
293600 -6618.5366
293700 -6518.5353
293800 -6415.1043
293900 -6440.8042
294000 -6561.6504
294100 -6627.9326
294200 -6574.1178
294300 -6466.0485
294400 -6407.2461
294500 -6448.5959
294600 -6554.6311
294700 -6626.4042
294800 -6582.3393
294900 -6460.4938
295000 -6408.189
295100 -6494.262
295200 -6606.9261
295300 -6616.0289
295400 -6523.7548
295500 -6427.4992
295600 -6414.202
295700 -6495.1888
295800 -6599.0255
295900 -6621.599
296000 -6527.2075
296100 -6418.857
296200 -6434.637
296300 -6553.6623
296400 -6627.3484
296500 -6580.6268
296600 -6472.778
296700 -6408.1731
296800 -6442.9405
296900 -6547.3298
297000 -6624.7564
297100 -6589.0022
297200 -6468.2428
297300 -6407.0561
297400 -6485.7662
297500 -6601.7505
297600 -6619.37
297700 -6531.3227
297800 -6432.0073
297900 -6411.7777
298000 -6487.8816
298100 -6593.544
298200 -6624.0708
298300 -6535.7951
298400 -6423.2458
298500 -6428.9953
298600 -6545.4305
298700 -6626.1619
298800 -6586.8441
298900 -6479.7239
299000 -6409.5834
299100 -6437.6275
299200 -6539.9053
299300 -6622.55
299400 -6595.2247
299500 -6476.2875
299600 -6406.6434
299700 -6477.4497
299800 -6596.0699
299900 -6622.1927
300000 -6538.844
300100 -6436.9027
300200 -6409.8224
300300 -6480.7253
300400 -6587.7006
300500 -6625.9447
300600 -6544.2456
300700 -6428.2397
300800 -6423.9182
300900 -6537.0036
301000 -6624.3732
301100 -6592.7362
301200 -6486.8564
301300 -6411.4715
301400 -6432.6787
301500 -6532.3935
301600 -6619.8025
301700 -6600.9746
301800 -6484.574
301900 -6406.9536
302000 -6469.3675
302100 -6589.9126
302200 -6624.477
302300 -6546.283
302400 -6442.1653
302500 -6408.3439
302600 -6473.751
302700 -6581.5275
302800 -6627.2167
302900 -6552.5081
303000 -6433.8036
303100 -6419.4416
303200 -6528.4323
303300 -6621.9858
303400 -6598.271
303500 -6494.1441
303600 -6413.8299
303700 -6428.1145
303800 -6524.8301
303900 -6616.5337
304000 -6606.2235
304100 -6493.0478
304200 -6407.9846
304300 -6461.5733
304400 -6583.3101
304500 -6626.205
304600 -6553.604
304700 -6447.7735
304800 -6407.348
304900 -6466.989
305000 -6575.0578
305100 -6627.8863
305200 -6560.5336
305300 -6439.8988
305400 -6415.597
305500 -6519.7688
305600 -6619.0066
305700 -6603.4172
305800 -6501.555
305900 -6416.649
306000 -6423.9535
306100 -6517.2505
306200 -6612.7657
306300 -6610.946
306400 -6501.6533
306500 -6409.7291
306600 -6454.1197
306700 -6576.2973
306800 -6627.3618
306900 -6560.7711
307000 -6453.7039
307100 -6406.8388
307200 -6460.4683
307300 -6568.3255
307400 -6627.9563
307500 -6568.2757
307600 -6446.4827
307700 -6412.4115
307800 -6511.0669
307900 -6615.4461
308000 -6608.1452
308100 -6509.0562
308200 -6419.9176
308300 -6420.2125
308400 -6509.6899
308500 -6608.5228
308600 -6615.1207
308700 -6510.3352
308800 -6412.1745
308900 -6447.0572
309000 -6568.9123
309100 -6627.935
309200 -6567.7486
309300 -6459.9319
309400 -6406.8182
309500 -6454.2165
309600 -6561.3656
309700 -6627.4326
309800 -6575.6902
309900 -6453.5101
310000 -6409.9079
310100 -6502.3812
310200 -6611.3184
310300 -6612.4269
310400 -6516.6136
310500 -6423.6226
310600 -6416.9067
310700 -6502.1827
310800 -6603.8312
310900 -6618.7295
311000 -6519.0379
311100 -6415.3034
311200 -6440.4341
311300 -6561.1962
311400 -6627.9152
311500 -6574.5013
311600 -6466.431
311700 -6407.2864
311800 -6448.2601
311900 -6554.213
312000 -6626.3245
312100 -6582.7358
312200 -6460.9328
312300 -6408.104
312400 -6493.767
312500 -6606.6412
312600 -6616.2358
312700 -6524.1929
312800 -6427.7489
312900 -6414.0493
313000 -6494.7629
313100 -6598.719
313200 -6621.758
313300 -6527.7067
313400 -6419.0936
313500 -6434.2962
313600 -6553.1927
313700 -6627.2962
313800 -6580.9944
313900 -6473.1738
314000 -6408.2415
314100 -6442.6239
314200 -6546.9036
314300 -6624.6439
314400 -6589.3742
314500 -6468.7003
314600 -6407.0126
314700 -6485.2801
314800 -6601.4356
314900 -6619.5474
315000 -6531.759
315100 -6432.2799
315200 -6411.6518
315300 -6487.4636
315400 -6593.2158
315500 -6624.1955
315600 -6536.2878
315700 -6423.5183
315800 -6428.6861
315900 -6544.9483
316000 -6626.0749
316100 -6587.1938
316200 -6480.1314
316300 -6409.6796
316400 -6437.3313
316500 -6539.4731
316600 -6622.4058
316700 -6595.5702
316800 -6476.7604
316900 -6406.6416
317000 -6476.9756
317100 -6595.7267
317200 -6622.3396
317300 -6539.2766
317400 -6437.1971
317500 -6409.7239
317600 -6480.3169
317700 -6587.3525
317800 -6626.0347
317900 -6544.7288
318000 -6428.5461
318100 -6423.6428
318200 -6536.5117
318300 -6624.2515
318400 -6593.0662
318500 -6487.2737
318600 -6411.5951
318700 -6432.4043
318800 -6531.9574
318900 -6619.6276
319000 -6601.2919
319100 -6485.0592
319200 -6406.9936
319300 -6468.9086
319400 -6589.5428
319500 -6624.5922
319600 -6546.7098
319700 -6442.4803
319800 -6408.2731
319900 -6473.3541
320000 -6581.1613
320100 -6627.2718
320200 -6552.9789
320300 -6434.1419
320400 -6419.2019
320500 -6527.9336
320600 -6621.8297
320700 -6598.5793
320800 -6494.5694
320900 -6413.9804
321000 -6427.8629
321100 -6524.3921
321200 -6616.3293
321300 -6606.511
321400 -6493.5421
321500 -6408.0661
321600 -6461.1327
321700 -6582.9156
321800 -6626.2876
321900 -6554.0228
322000 -6448.1078
322100 -6407.3053
322200 -6466.6052
322300 -6574.6755
322400 -6627.9066
322500 -6560.9893
322600 -6440.2664
322700 -6415.3947
322800 -6519.2664
322900 -6618.8165
323000 -6603.7021
323100 -6501.9865
323200 -6416.8258
323300 -6423.7257
323400 -6516.8127
323500 -6612.5331
323600 -6611.2024
323700 -6502.1536
323800 -6409.8515
323900 -6453.7003
324000 -6575.8802
324100 -6627.4109
324200 -6561.1799
324300 -6454.0561
324400 -6406.8243
324500 -6460.0993
324600 -6567.9291
324700 -6627.9421
324800 -6568.7136
324900 -6446.8773
325000 -6412.2481
325100 -6510.5639
325200 -6615.2228
325300 -6608.4051
325400 -6509.4918
325500 -6420.12
325600 -6420.0094
325700 -6509.2542
325800 -6608.2636
325900 -6615.3448
326000 -6510.8382
326100 -6412.3369
326200 -6446.6619
326300 -6568.4749
326400 -6627.9501
326500 -6568.1454
326600 -6460.3004
326700 -6406.832
326800 -6453.8639
326900 -6560.957
327000 -6627.3844
327100 -6576.1078
327200 -6453.9288
327300 -6409.7844
327400 -6501.8808
327500 -6611.0628
327600 -6612.6601
327700 -6517.0514
327800 -6423.8497
327900 -6416.7292
328000 -6501.7512
328100 -6603.5469
328200 -6618.9204
328300 -6519.5404
328400 -6415.5047
328500 -6440.0657
328600 -6560.7409
328700 -6627.8958
328800 -6574.884
328900 -6466.8144
329000 -6407.3284
329100 -6447.9253
329200 -6553.7945
329300 -6626.2428
329400 -6583.1309
329500 -6461.3728
329600 -6408.0214
329700 -6493.2725
329800 -6606.3544
329900 -6616.4409
330000 -6524.6309
330100 -6428
330200 -6413.8981
330300 -6494.3374
330400 -6598.4113
330500 -6621.9151
330600 -6528.2056
330700 -6419.3324
330800 -6433.9572
330900 -6552.7222
331000 -6627.242
331100 -6581.3611
331200 -6473.5704
331300 -6408.3115
331400 -6442.3084
331500 -6546.4771
331600 -6624.5296
331700 -6589.7447
331800 -6469.1587
331900 -6406.9715
332000 -6484.7946
332100 -6601.1191
332200 -6619.7232
332300 -6532.1952
332400 -6432.5538
332500 -6411.5275
332600 -6487.046
332700 -6592.8864
332800 -6624.3181
332900 -6536.78
333000 -6423.7928
333100 -6428.3788
333200 -6544.4654
333300 -6625.9859
333400 -6587.5425
333500 -6480.5395
333600 -6409.7774
333700 -6437.0364
333800 -6539.0407
333900 -6622.2597
334000 -6595.9141
334100 -6477.2341
334200 -6406.6423
334300 -6476.5024
334400 -6595.382
334500 -6622.4847
334600 -6539.7088
334700 -6437.4927
334800 -6409.627
334900 -6479.9091
335000 -6587.0032
335100 -6626.1226
335200 -6545.2113
335300 -6428.8544
335400 -6423.3694
335500 -6536.0192
335600 -6624.1277
335700 -6593.3949
335800 -6487.6915
335900 -6411.7203
336000 -6432.1311
336100 -6531.5211
336200 -6619.4509
336300 -6601.6075
336400 -6485.5451
336500 -6407.036
336600 -6468.4507
336700 -6589.1715
336800 -6624.7055
336900 -6547.1361
337000 -6442.7964
337100 -6408.204
337200 -6472.9579
337300 -6580.7941
337400 -6627.3249
337500 -6553.4489
337600 -6434.4819
337700 -6418.9643
337800 -6527.4345
337900 -6621.6715
338000 -6598.8863
338100 -6494.9951
338200 -6414.1324
338300 -6427.6126
338400 -6523.954
338500 -6616.1232
338600 -6606.7968
338700 -6494.0369
338800 -6408.15
338900 -6460.6933
339000 -6582.5197
339100 -6626.3682
339200 -6554.4411
339300 -6448.4431
339400 -6407.2642
339500 -6466.2223
339600 -6574.2923
339700 -6627.925
339800 -6561.444
339900 -6440.6357
340000 -6415.1946
340100 -6518.7638
340200 -6618.6245
340300 -6603.9857
340400 -6502.4182
340500 -6417.0041
340600 -6423.4993
340700 -6516.3749
340800 -6612.299
340900 -6611.457
341000 -6502.6541
341100 -6409.9762
341200 -6453.2823
341300 -6575.4619
341400 -6627.4581
341500 -6561.5881
341600 -6454.4092
341700 -6406.8114
341800 -6459.7313
341900 -6567.5319
342000 -6627.9259
342100 -6569.1504
342200 -6447.2733
342300 -6412.0869
342400 -6510.0609
342500 -6614.9977
342600 -6608.6635
342700 -6509.9276
342800 -6420.3239
342900 -6419.8078
343000 -6508.8187
343100 -6608.0029
343200 -6615.5671
343300 -6511.3412
343400 -6412.5016
343500 -6446.2682
343600 -6568.0364
343700 -6627.9632
343800 -6568.5414
343900 -6460.6698
344000 -6406.8474
344100 -6453.5123
344200 -6560.5479
344300 -6627.3342
344400 -6576.5243
344500 -6454.3489
344600 -6409.6633
344700 -6501.3806
344800 -6610.8054
344900 -6612.8918
345000 -6517.4893
345100 -6424.0783
345200 -6416.5532
345300 -6501.3199
345400 -6603.2612
345500 -6619.1095
345600 -6520.0428
345700 -6415.7082
345800 -6439.699
345900 -6560.2848
346000 -6627.8744
346100 -6575.2659
346200 -6467.1986
346300 -6407.372
346400 -6447.5917
346500 -6553.3754
346600 -6626.1592
346700 -6583.5247
346800 -6461.814
346900 -6407.9412
347000 -6492.7784
347100 -6606.066
347200 -6616.6445
347300 -6525.0689
347400 -6428.2523
347500 -6413.7484
347600 -6493.9123
347700 -6598.1023
347800 -6622.0702
347900 -6528.7042
348000 -6419.5732
348100 -6433.6199
348200 -6552.251
348300 -6627.1858
348400 -6581.7268
348500 -6473.9677
348600 -6408.3831
348700 -6441.9941
348800 -6546.0502
348900 -6624.4134
349000 -6590.1137
349100 -6469.6181
349200 -6406.9328
349300 -6484.3097
349400 -6600.8009
349500 -6619.8972
349600 -6532.6312
349700 -6432.829
349800 -6411.4048
349900 -6486.629
350000 -6592.5558
350100 -6624.4388
350200 -6537.2717
350300 -6424.0693
350400 -6428.0734
350500 -6543.9819
350600 -6625.8948
350700 -6587.89
350800 -6480.9482
350900 -6409.8768
351000 -6436.7427
351100 -6538.608
351200 -6622.1119
351300 -6596.2564
351400 -6477.7085
351500 -6406.6453
351600 -6476.0299
351700 -6595.0356
351800 -6622.6279
351900 -6540.1408
352000 -6437.7895
352100 -6409.5317
352200 -6479.502
352300 -6586.6529
352400 -6626.2085
352500 -6545.6932
352600 -6429.1647
352700 -6423.098
352800 -6535.5263
352900 -6624.002
353000 -6593.7225
353100 -6488.1098
353200 -6411.847
353300 -6431.8592
353400 -6531.0847
353500 -6619.2725
353600 -6601.9215
353700 -6486.0315
353800 -6407.0809
353900 -6467.9938
354000 -6588.7987
354100 -6624.8169
354200 -6547.562
354300 -6443.1137
354400 -6408.1364
354500 -6472.5624
354600 -6580.4259
354700 -6627.376
354800 -6553.918
354900 -6434.8236
355000 -6418.7288
355100 -6526.9352
355200 -6621.5114
355300 -6599.192
355400 -6495.4213
355500 -6414.286
355600 -6427.3636
355700 -6523.5159
355800 -6615.9154
355900 -6607.0808
356000 -6494.5321
356100 -6408.2363
356200 -6460.255
356300 -6582.1225
356400 -6626.4469
356500 -6554.8588
356600 -6448.7794
356700 -6407.2247
356800 -6465.8402
356900 -6573.9082
357000 -6627.9413
357100 -6561.8977
357200 -6441.0066
357300 -6414.9967
357400 -6518.2611
357500 -6618.4305
357600 -6604.2678
357700 -6502.8502
357800 -6417.1839
357900 -6423.2743
358000 -6515.9372
358100 -6612.0633
358200 -6611.7097
358300 -6503.1549
358400 -6410.1033
358500 -6452.8656
358600 -6575.0423
358700 -6627.5033
358800 -6561.9956
358900 -6454.7633
359000 -6406.8002
359100 -6459.3642
359200 -6567.134
359300 -6627.9078
359400 -6569.5861
359500 -6447.6708
359600 -6411.928
359700 -6509.558
359800 -6614.7706
359900 -6608.9204
360000 -6510.3636
360100 -6420.5292
360200 -6419.6077
360300 -6508.3834
360400 -6607.7407
360500 -6615.7875
360600 -6511.8443
360700 -6412.6686
360800 -6445.8759
360900 -6567.5969
361000 -6627.9743
361100 -6568.9367
361200 -6461.0401
361300 -6406.8644
361400 -6453.1618
361500 -6560.1381
361600 -6627.2821
361700 -6576.9394
361800 -6454.7703
361900 -6409.5445
362000 -6500.8808
362100 -6610.5462
362200 -6613.1219
362300 -6517.9273
362400 -6424.3083
362500 -6416.3787
362600 -6500.8889
362700 -6602.9741
362800 -6619.2966
362900 -6520.545
363000 -6415.9139
363100 -6439.3338
363200 -6559.8277
363300 -6627.8509
363400 -6575.6468
363500 -6467.5836
363600 -6407.4172
363700 -6447.2591
363800 -6552.9558
363900 -6626.0737
364000 -6583.9171
364100 -6462.2564
364200 -6407.8634
364300 -6492.2847
364400 -6605.7757
364500 -6616.8463
364600 -6525.5068
364700 -6428.5061
364800 -6413.6003
364900 -6493.4877
365000 -6597.7919
365100 -6622.2233
365200 -6529.2024
365300 -6419.8162
365400 -6433.2845
365500 -6551.779
365600 -6627.1276
365700 -6582.0914
365800 -6474.3657
365900 -6408.4564
366000 -6441.6809
366100 -6545.6229
366200 -6624.2953
366300 -6590.4812
366400 -6470.0784
366500 -6406.8965
366600 -6483.8254
366700 -6600.481
366800 -6620.0694
366900 -6533.0671
367000 -6433.1054
367100 -6411.2836
367200 -6486.2125
367300 -6592.224
367400 -6624.5574
367500 -6537.763
367600 -6424.3478
367700 -6427.7699
367800 -6543.4977
367900 -6625.8018
368000 -6588.2364
368100 -6481.3575
368200 -6409.9778
368300 -6436.4502
368400 -6538.175
368500 -6621.9622
368600 -6596.5972
368700 -6478.1838
368800 -6406.6508
368900 -6475.5583
369000 -6594.6876
369100 -6622.7694
369200 -6540.5725
369300 -6438.0876
369400 -6409.4379
369500 -6479.0955
369600 -6586.3015
369700 -6626.2924
369800 -6546.1744
369900 -6429.4768
370000 -6422.8287
370100 -6535.0329
370200 -6623.8743
370300 -6594.0488
370400 -6488.5287
370500 -6411.9753
370600 -6431.5886
370700 -6530.6481
370800 -6619.0923
370900 -6602.2337
371000 -6486.5185
371100 -6407.1281
371200 -6467.5379
371300 -6588.4245
371400 -6624.9265
371500 -6547.9875
371600 -6443.4321
371700 -6408.0705
371800 -6472.1676
371900 -6580.0568
372000 -6627.425
372100 -6554.3864
372200 -6435.1671
372300 -6418.4955
372400 -6526.4355
372500 -6621.3493
372600 -6599.4964
372700 -6495.8478
372800 -6414.4411
372900 -6427.116
373000 -6523.0778
373100 -6615.706
373200 -6607.363
373300 -6495.0277
373400 -6408.3249
373500 -6459.8179
373600 -6581.7239
373700 -6626.5237
373800 -6555.276
373900 -6449.1169
374000 -6407.1869
374100 -6465.4589
374200 -6573.5233
374300 -6627.9556
374400 -6562.3505
374500 -6441.3792
374600 -6414.801
374700 -6517.7584
374800 -6618.2346
374900 -6604.5485
375000 -6503.2825
375100 -6417.3652
375200 -6423.0507
375300 -6515.4995
375400 -6611.826
375500 -6611.9606
375600 -6503.6559
375700 -6410.2327
375800 -6452.4502
375900 -6574.6215
376000 -6627.5466
376100 -6562.4024
376200 -6455.1184
376300 -6406.7906
376400 -6458.9979
376500 -6566.7353
376600 -6627.8877
376700 -6570.0206
376800 -6448.0698
376900 -6411.7714
377000 -6509.0553
377100 -6614.5416
377200 -6609.1758
377300 -6510.7997
377400 -6420.7359
377500 -6419.409
377600 -6507.9482
377700 -6607.477
377800 -6616.0059
377900 -6512.3474
378000 -6412.8379
378100 -6445.4851
378200 -6567.1562
378300 -6627.9834
378400 -6569.3311
378500 -6461.4114
378600 -6406.8831
378700 -6452.8122
378800 -6559.7277
378900 -6627.228
379000 -6577.3534
379100 -6455.1929
379200 -6409.4281
379300 -6500.3812
379400 -6610.2851
379500 -6613.3504
379600 -6518.3653
379700 -6424.5397
379800 -6416.2057
379900 -6500.4583
380000 -6602.6856
380100 -6619.4817
380200 -6521.0471
380300 -6416.1218
380400 -6438.9703
380500 -6559.3696
380600 -6627.8255
380700 -6576.0269
380800 -6467.9694
380900 -6407.4641
381000 -6446.9276
381100 -6552.5357
381200 -6625.9863
381300 -6584.3081
381400 -6462.6999
381500 -6407.788
381600 -6491.7915
381700 -6605.4837
381800 -6617.0465
381900 -6525.9447
382000 -6428.7612
382100 -6413.4538
382200 -6493.0634
382300 -6597.4803
382400 -6622.3744
382500 -6529.7004
382600 -6420.0613
382700 -6432.9508
382800 -6551.3062
382900 -6627.0674
383000 -6582.4551
383100 -6474.7644
383200 -6408.5312
383300 -6441.3689
383400 -6545.1952
383500 -6624.1754
383600 -6590.8472
383700 -6470.5397
383800 -6406.8626
383900 -6483.3418
384000 -6600.1595
384100 -6620.2399
384200 -6533.5027
384300 -6433.3832
384400 -6411.1641
384500 -6485.7965
384600 -6591.891
384700 -6624.6741
384800 -6538.2537
384900 -6424.6283
385000 -6427.4683
385100 -6543.013
385200 -6625.7067
385300 -6588.5818
385400 -6481.7674
385500 -6410.0803
385600 -6436.159
385700 -6537.7418
385800 -6621.8108
385900 -6596.9363
386000 -6478.6598
386100 -6406.6587
386200 -6475.0874
386300 -6594.3381
386400 -6622.909
386500 -6541.0039
386600 -6438.3868
386700 -6409.3458
386800 -6478.6896
386900 -6585.949
387000 -6626.3743
387100 -6546.655
387200 -6429.7908
387300 -6422.5613
387400 -6534.5391
387500 -6623.7445
387600 -6594.3739
387700 -6488.948
387800 -6412.1052
387900 -6431.3193
388000 -6530.2114
388100 -6618.9104
388200 -6602.5442
388300 -6487.0062
388400 -6407.1778
388500 -6467.083
388600 -6588.0487
388700 -6625.0342
388800 -6548.4125
388900 -6443.7516
389000 -6408.0063
389100 -6471.7736
389200 -6579.6867
389300 -6627.4721
389400 -6554.8539
389500 -6435.5124
389600 -6418.2643
389700 -6525.9357
389800 -6621.1852
389900 -6599.7995
390000 -6496.2747
390100 -6414.5977
390200 -6426.8698
390300 -6522.6397
390400 -6615.495
390500 -6607.6434
390600 -6495.5237
390700 -6408.4159
390800 -6459.3819
390900 -6581.3239
391000 -6626.5986
391100 -6555.6927
391200 -6449.4554
391300 -6407.1507
391400 -6465.0784
391500 -6573.1376
391600 -6627.9679
391700 -6562.8022
391800 -6441.7533
391900 -6414.6076
392000 -6517.2555
392100 -6618.0368
392200 -6604.8278
392300 -6503.7151
392400 -6417.548
392500 -6422.8285
392600 -6515.062
392700 -6611.5871
392800 -6612.2097
392900 -6504.157
393000 -6410.3645
393100 -6452.0362
393200 -6574.1995
393300 -6627.5879
393400 -6562.8086
393500 -6455.4744
393600 -6406.7826
393700 -6458.6327
393800 -6566.3359
393900 -6627.8656
394000 -6570.454
394100 -6448.4702
394200 -6411.617
394300 -6508.5526
394400 -6614.3108
394500 -6609.4297
394600 -6511.236
394700 -6420.9441
394800 -6419.2118
394900 -6507.5133
395000 -6607.2118
395100 -6616.2225
395200 -6512.8506
395300 -6413.0094
395400 -6445.0959
395500 -6566.7145
395600 -6627.9905
395700 -6569.7248
395800 -6461.7835
395900 -6406.9034
396000 -6452.4636
396100 -6559.3167
396200 -6627.1719
396300 -6577.766
396400 -6455.6168
396500 -6409.314
396600 -6499.8818
396700 -6610.0223
396800 -6613.5773
396900 -6518.8033
397000 -6424.7725
397100 -6416.0343
397200 -6500.0279
397300 -6602.3957
397400 -6619.6649
397500 -6521.5491
397600 -6416.332
397700 -6438.6085
397800 -6558.9106
397900 -6627.7981
398000 -6576.4061
398100 -6468.3559
398200 -6407.5125
398300 -6446.5972
398400 -6552.1151
398500 -6625.897
398600 -6584.6977
398700 -6463.1444
398800 -6407.7149
398900 -6491.2988
399000 -6605.19
399100 -6617.245
399200 -6526.3825
399300 -6429.0176
399400 -6413.3087
399500 -6492.6396
399600 -6597.1674
399700 -6622.5235
399800 -6530.198
399900 -6420.3085
400000 -6432.6189
400100 -6550.8326
400200 -6627.0052
400300 -6582.8177
400400 -6475.1638
400500 -6408.6077
400600 -6441.058
400700 -6544.7671
400800 -6624.0536
400900 -6591.2117
401000 -6471.002
401100 -6406.8312
401200 -6482.8589
401300 -6599.8363
401400 -6620.4087
401500 -6533.9382
401600 -6433.6622
401700 -6411.046
401800 -6485.3811
401900 -6591.5569
402000 -6624.7887
402100 -6538.7439
402200 -6424.9108
402300 -6427.1687
402400 -6542.5276
402500 -6625.6097
402600 -6588.926
402700 -6482.1779
402800 -6410.1845
402900 -6435.8689
403000 -6537.3083
403100 -6621.6575
403200 -6597.2738
403300 -6479.1366
403400 -6406.6691
403500 -6474.6175
403600 -6593.987
403700 -6623.0469
403800 -6541.435
403900 -6438.6873
404000 -6409.2553
404100 -6478.2844
404200 -6585.5954
404300 -6626.4541
404400 -6547.1349
404500 -6430.1066
404600 -6422.296
404700 -6534.0448
404800 -6623.6128
404900 -6594.6978
405000 -6489.3678
405100 -6412.2366
405200 -6431.0513
405300 -6529.7745
405400 -6618.7268
405500 -6602.8531
405600 -6487.4943
405700 -6407.2298
405800 -6466.6291
405900 -6587.6716
406000 -6625.1401
406100 -6548.8372
406200 -6444.0723
406300 -6407.9436
406400 -6471.3804
406500 -6579.3156
406600 -6627.5171
406700 -6555.3206
406800 -6435.8594
406900 -6418.0352
407000 -6525.4355
407100 -6621.0192
407200 -6600.1012
407300 -6496.702
407400 -6414.7559
407500 -6426.6249
407600 -6522.2015
407700 -6615.2823
407800 -6607.9221
407900 -6496.0201
408000 -6408.5093
408100 -6458.9472
408200 -6580.9227
408300 -6626.6716
408400 -6556.1088
408500 -6449.7949
408600 -6407.1161
408700 -6464.6988
408800 -6572.751
408900 -6627.9782
409000 -6563.253
409100 -6442.129
409200 -6414.4163
409300 -6516.7526
409400 -6617.837
409500 -6605.1057
409600 -6504.1479
409700 -6417.7323
409800 -6422.6077
409900 -6514.6246
410000 -6611.3467
410100 -6612.4569
410200 -6504.6584
410300 -6410.4985
410400 -6451.6236
410500 -6573.7763
410600 -6627.6272
410700 -6563.2142
410800 -6455.8314
410900 -6406.7763
411000 -6458.2683
411100 -6565.9358
411200 -6627.8415
411300 -6570.8863
411400 -6448.872
411500 -6411.465
411600 -6508.05
411700 -6614.078
411800 -6609.682
411900 -6511.6725
412000 -6421.1538
412100 -6419.016
412200 -6507.0786
412300 -6606.9452
412400 -6616.4371
412500 -6513.3537
412600 -6413.1832
412700 -6444.7081
412800 -6566.2717
412900 -6627.9957
413000 -6570.1177
413100 -6462.1564
413200 -6406.9253
413300 -6452.116
413400 -6558.905
413500 -6627.114
413600 -6578.1774
413700 -6456.0421
413800 -6409.2023
413900 -6499.3828
414000 -6609.7576
414100 -6613.8026
414200 -6519.2414
414300 -6425.0067
414400 -6415.8643
414500 -6499.5979
414600 -6602.1045
414700 -6619.8461
414800 -6522.0509
414900 -6416.5442
415000 -6438.2483
415100 -6558.4507
415200 -6627.7686
415300 -6576.7843
415400 -6468.7433
415500 -6407.5626
415600 -6446.2679
415700 -6551.6941
415800 -6625.8058
415900 -6585.086
416000 -6463.5901
416100 -6407.6443
416200 -6490.8065
416300 -6604.8945
416400 -6617.4418
416500 -6526.8202
416600 -6429.2753
416700 -6413.1652
416800 -6492.2162
416900 -6596.8532
417000 -6622.6707
417100 -6530.6953
417200 -6420.5577
417300 -6432.2888
417400 -6550.3583
417500 -6626.9409
417600 -6583.1794
417700 -6475.5639
417800 -6408.6858
417900 -6440.7484
418000 -6544.3386
418100 -6623.93
418200 -6591.5748
418300 -6471.4651
418400 -6406.8021
418500 -6482.3766
418600 -6599.5114
418700 -6620.5757
418800 -6534.3735
418900 -6433.9425
419000 -6410.9296
419100 -6484.9662
419200 -6591.2215
419300 -6624.9013
419400 -6539.2337
419500 -6425.1953
419600 -6426.871
419700 -6542.0416
419800 -6625.5106
419900 -6589.2691
420000 -6482.589
420100 -6410.2902
420200 -6435.5802
420300 -6536.8745
420400 -6621.5025
420500 -6597.6097
420600 -6479.6142
420700 -6406.6818
420800 -6474.1483
420900 -6593.6344
421000 -6623.1829
421100 -6541.8658
421200 -6438.9889
421300 -6409.1664
421400 -6477.8798
421500 -6585.2408
421600 -6626.532
421700 -6547.6141
421800 -6430.4243
421900 -6422.0328
422000 -6533.5501
422100 -6623.4791
422200 -6595.0204
422300 -6489.7881
422400 -6412.3696
422500 -6430.7846
422600 -6529.3375
422700 -6618.5415
422800 -6603.1602
422900 -6487.9831
423000 -6407.2843
423100 -6466.1762
423200 -6587.293
423300 -6625.2441
423400 -6549.2614
423500 -6444.3941
423600 -6407.8825
423700 -6470.9878
423800 -6578.9436
423900 -6627.5601
424000 -6555.7865
424100 -6436.2081
424200 -6417.8083
424300 -6524.9351
424400 -6620.8512
424500 -6600.4017
424600 -6497.1296
424700 -6414.9156
424800 -6426.3814
424900 -6521.7633
425000 -6615.0679
425100 -6608.1989
425200 -6496.5169
425300 -6408.6051
425400 -6458.5136
425500 -6580.5201
425600 -6626.7426
425700 -6556.5244
425800 -6450.1355
425900 -6407.0832
426000 -6464.32
426100 -6572.3636
426200 -6627.9866
426300 -6563.7028
426400 -6442.5063
426500 -6414.2273
426600 -6516.2495
426700 -6617.6353
426800 -6605.3822
426900 -6504.5811
427000 -6417.918
427100 -6422.3884
427200 -6514.1872
427300 -6611.1048
427400 -6612.7022
427500 -6505.16
427600 -6410.6349
427700 -6451.2123
427800 -6573.3519
427900 -6627.6646
428000 -6563.619
428100 -6456.1894
428200 -6406.7716
428300 -6457.9049
428400 -6565.535
428500 -6627.8154
428600 -6571.3175
428700 -6449.2753
428800 -6411.3153
428900 -6507.5475
429000 -6613.8434
429100 -6609.9329
429200 -6512.1091
429300 -6421.3649
429400 -6418.8217
429500 -6506.6441
429600 -6606.6771
429700 -6616.6499
429800 -6513.8569
429900 -6413.3593
430000 -6444.3219
430100 -6565.8278
430200 -6627.9988
430300 -6570.5099
430400 -6462.5303
430500 -6406.9488
430600 -6451.7695
430700 -6558.4928
430800 -6627.054
430900 -6578.5875
431000 -6456.4685
431100 -6409.0929
431200 -6498.8841
431300 -6609.491
431400 -6614.0263
431500 -6519.6796
431600 -6425.2422
431700 -6415.6959
431800 -6499.1683
431900 -6601.8119
432000 -6620.0254
432100 -6522.5525
432200 -6416.7587
432300 -6437.8898
432400 -6557.99
432500 -6627.7372
432600 -6577.1617
432700 -6469.1314
432800 -6407.6144
432900 -6445.9397
433000 -6551.2725
433100 -6625.7127
433200 -6585.4728
433300 -6464.0369
433400 -6407.576
433500 -6490.3147
433600 -6604.5973
433700 -6617.6369
433800 -6527.2578
433900 -6429.5344
434000 -6413.0233
434100 -6491.7932
434200 -6596.5378
434300 -6622.8159
434400 -6531.1922
434500 -6420.8091
434600 -6431.9605
434700 -6549.8833
434800 -6626.8747
434900 -6583.54
435000 -6475.9647
435100 -6408.7654
435200 -6440.4398
435300 -6543.9098
435400 -6623.8046
435500 -6591.9362
435600 -6471.9292
435700 -6406.7755
435800 -6481.895
435900 -6599.1849
436000 -6620.7409
436100 -6534.8085
436200 -6434.224
436300 -6410.8148
436400 -6484.5518
436500 -6590.885
436600 -6625.012
436700 -6539.7228
436800 -6425.4818
436900 -6426.5752
437000 -6541.5551
437100 -6625.4095
437200 -6589.611
437300 -6483.0007
437400 -6410.3975
437500 -6435.2926
437600 -6536.4405
437700 -6621.3457
437800 -6597.944
437900 -6480.0924
438000 -6406.697
438100 -6473.68
438200 -6593.2802
438300 -6623.317
438400 -6542.2962
438500 -6439.2918
438600 -6409.079
438700 -6477.4758
438800 -6584.8851
438900 -6626.6078
439000 -6548.0926
439100 -6430.7439
439200 -6421.7716
439300 -6533.055
439400 -6623.3434
439500 -6595.3418
439600 -6490.2089
439700 -6412.5041
439800 -6430.5193
439900 -6528.9004
440000 -6618.3545
440100 -6603.4656
440200 -6488.4724
440300 -6407.3411
440400 -6465.7244
440500 -6586.9129
440600 -6625.3461
440700 -6549.6851
440800 -6444.717
440900 -6407.8231
441000 -6470.596
441100 -6578.5707
441200 -6627.6011
441300 -6556.2515
441400 -6436.5585
441500 -6417.5835
441600 -6524.4345
441700 -6620.6812
441800 -6600.7007
441900 -6497.5576
442000 -6415.0768
442100 -6426.1393
442200 -6521.3251
442300 -6614.852
442400 -6608.474
442500 -6497.014
442600 -6408.7032
442700 -6458.0813
442800 -6580.1161
442900 -6626.8117
443000 -6556.9394
443100 -6450.4772
443200 -6407.0519
443300 -6463.9421
443400 -6571.9753
443500 -6627.9929
443600 -6564.1516
443700 -6442.8851
443800 -6414.0406
443900 -6515.7465
444000 -6617.4317
444100 -6605.6572
444200 -6505.0144
444300 -6418.1053
444400 -6422.1705
444500 -6513.75
444600 -6610.8612
444700 -6612.9457
444800 -6505.6617
444900 -6410.7737
445000 -6450.8023
445100 -6572.9263
445200 -6627.7
445300 -6564.0232
445400 -6456.5483
445500 -6406.7685
445600 -6457.5424
445700 -6565.1334
445800 -6627.7874
445900 -6571.7475
446000 -6449.68
446100 -6411.1679
446200 -6507.0452
446300 -6613.607
446400 -6610.1822
446500 -6512.5458
446600 -6421.5774
446700 -6418.6289
446800 -6506.2098
446900 -6606.4075
447000 -6616.8607
447100 -6514.3601
447200 -6413.5376
447300 -6443.9372
447400 -6565.3829
447500 -6628
447600 -6570.9012
447700 -6462.905
447800 -6406.974
447900 -6451.424
448000 -6558.08
448100 -6626.9922
448200 -6578.9963
448300 -6456.8962
448400 -6408.9859
448500 -6498.3857
448600 -6609.2227
448700 -6614.2484
448800 -6520.1177
448900 -6425.4792
449000 -6415.5289
449100 -6498.7389
449200 -6601.5179
449300 -6620.2027
449400 -6523.0539
449500 -6416.9753
449600 -6437.533
449700 -6557.5283
449800 -6627.7037
449900 -6577.5381
450000 -6469.5204
450100 -6407.6677
450200 -6445.6126
450300 -6550.8505
450400 -6625.6177
450500 -6585.8582
450600 -6464.4848
450700 -6407.5102
450800 -6489.8234
450900 -6604.2983
451000 -6617.8303
451100 -6527.6953
451200 -6429.7948
451300 -6412.8829
451400 -6491.3707
451500 -6596.2211
451600 -6622.9591
451700 -6531.6887
451800 -6421.0625
451900 -6431.634
452000 -6549.4075
452100 -6626.8064
452200 -6583.8996
452300 -6476.3662
452400 -6408.8467
452500 -6440.1325
452600 -6543.4806
452700 -6623.6773
452800 -6592.2962
452900 -6472.3942
453000 -6406.7512
453100 -6481.414
453200 -6598.8568
453300 -6620.9044
453400 -6535.2434
453500 -6434.5068
453600 -6410.7015
453700 -6484.138
453800 -6590.5474
453900 -6625.1206
454000 -6540.2115
454100 -6425.7702
454200 -6426.2814
454300 -6541.068
454400 -6625.3064
454500 -6589.9518
454600 -6483.4129
454700 -6410.5064
454800 -6435.0064
454900 -6536.0063
455000 -6621.1871
455100 -6598.2767
455200 -6480.5714
455300 -6406.7145
455400 -6473.2126
455500 -6592.9245
455600 -6623.4494
455700 -6542.7264
455800 -6439.5959
455900 -6408.9933
456000 -6477.0725
456100 -6584.5284
456200 -6626.6817
456300 -6548.5704
456400 -6431.0653
456500 -6421.5125
456600 -6532.5596
456700 -6623.2056
456800 -6595.662
456900 -6490.6301
457000 -6412.6402
457100 -6430.2552
457200 -6528.4632
457300 -6618.1658
457400 -6603.7693
457500 -6488.9622
457600 -6407.4004
457700 -6465.2736
457800 -6586.5314
457900 -6625.4463
458000 -6550.1084
458100 -6445.0411
458200 -6407.7653
458300 -6470.205
458400 -6578.1968
458500 -6627.6401
458600 -6556.7156
458700 -6436.9107
458800 -6417.3609
458900 -6523.9337
459000 -6620.5093
459100 -6600.9985
459200 -6497.986
459300 -6415.2396
459400 -6425.8985
459500 -6520.8869
459600 -6614.6344
459700 -6608.7473
459800 -6497.5115
459900 -6408.8037
460000 -6457.6501
460100 -6579.7109
460200 -6626.8789
460300 -6557.3538
460400 -6450.8199
460500 -6407.0222
460600 -6463.565
460700 -6571.5862
460800 -6627.9972
460900 -6564.5993
461000 -6443.2656
461100 -6413.8561
461200 -6515.2434
461300 -6617.2262
461400 -6605.9307
461500 -6505.448
461600 -6418.294
461700 -6421.954
461800 -6513.3129
461900 -6610.6162
462000 -6613.1873
462100 -6506.1637
462200 -6410.9147
462300 -6450.3938
462400 -6572.4995
462500 -6627.7335
462600 -6564.4267
462700 -6456.9082
462800 -6406.7671
462900 -6457.1808
463000 -6564.7311
463100 -6627.7574
463200 -6572.1763
463300 -6450.0861
463400 -6411.0228
463500 -6506.543
463600 -6613.3686
463700 -6610.43
463800 -6512.9827
463900 -6421.7914
464000 -6418.4376
464100 -6505.7758
464200 -6606.1365
464300 -6617.0696
464400 -6514.8632
464500 -6413.7182
464600 -6443.554
464700 -6564.937
464800 -6627.9992
464900 -6571.2917
465000 -6463.2806
465100 -6407.0009
465200 -6451.0795
465300 -6557.6666
465400 -6626.9284
465500 -6579.4039
465600 -6457.3252
465700 -6408.8813
465800 -6497.8876
465900 -6608.9526
466000 -6614.4689
466100 -6520.5559
466200 -6425.7175
466300 -6415.3635
466400 -6498.3099
466500 -6601.2225
466600 -6620.3781
466700 -6523.5551
466800 -6417.1942
466900 -6437.1779
467000 -6557.0657
467100 -6627.6683
467200 -6577.9137
467300 -6469.9101
467400 -6407.7227
467500 -6445.2866
467600 -6550.428
467700 -6625.5208
467800 -6586.2422
467900 -6464.9337
468000 -6407.4467
468100 -6489.3327
468200 -6603.9977
468300 -6618.022
468400 -6528.1327
468500 -6430.0566
468600 -6412.7441
468700 -6490.9487
468800 -6595.9031
468900 -6623.1003
469000 -6532.1849
469100 -6421.318
469200 -6431.3094
469300 -6548.9309
469400 -6626.7361
469500 -6584.2582
469600 -6476.7683
469700 -6408.9296
469800 -6439.8264
469900 -6543.0511
470000 -6623.5482
470100 -6592.6547
470200 -6472.86
470300 -6406.7294
470400 -6480.9338
470500 -6598.527
470600 -6621.0661
470700 -6535.678
470800 -6434.7909
470900 -6410.5898
471000 -6483.7248
471100 -6590.2086
471200 -6625.2272
471300 -6540.6996
471400 -6426.0606
471500 -6425.9895
471600 -6540.5803
471700 -6625.2013
471800 -6590.2915
471900 -6483.8257
472000 -6410.6169
472100 -6434.7213
472200 -6535.5718
472300 -6621.0267
472400 -6598.6077
472500 -6481.0511
472600 -6406.7345
472700 -6472.7461
472800 -6592.5672
472900 -6623.5799
473000 -6543.1561
473100 -6439.9011
473200 -6408.9092
473300 -6476.6699
473400 -6584.1706
473500 -6626.7535
473600 -6549.0475
473700 -6431.3886
473800 -6421.2554
473900 -6532.0637
474000 -6623.0659
474100 -6595.9809
474200 -6491.0518
474300 -6412.7779
474400 -6429.9925
474500 -6528.0258
474600 -6617.9753
474700 -6604.0713
474800 -6489.4526
474900 -6407.462
475000 -6464.8239
475100 -6586.1485
475200 -6625.5447
475300 -6550.5313
475400 -6445.3662
475500 -6407.7091
475600 -6469.8147
475700 -6577.8219
475800 -6627.6771
475900 -6557.1788
476000 -6437.2645
476100 -6417.1405
476200 -6523.4326
476300 -6620.3354
476400 -6601.2948
476500 -6498.4147
476600 -6415.4038
476700 -6425.6591
476800 -6520.4488
476900 -6614.4151
477000 -6609.0188
477100 -6498.0093
477200 -6408.9066
477300 -6457.2202
477400 -6579.3044
477500 -6626.9442
477600 -6557.7677
477700 -6451.1636
477800 -6406.9942
477900 -6463.1887
478000 -6571.1963
478100 -6627.9996
478200 -6565.0461
478300 -6443.6476
478400 -6413.6738
478500 -6514.7402
478600 -6617.0187
478700 -6606.2029
478800 -6505.8819
478900 -6418.4842
479000 -6421.7389
479100 -6512.8759
479200 -6610.3695
479300 -6613.4271
479400 -6506.6658
479500 -6411.0581
479600 -6449.9867
479700 -6572.0716
479800 -6627.7649
479900 -6564.8295
480000 -6457.2691
480100 -6406.7673
480200 -6456.8202
480300 -6564.3282
480400 -6627.7255
480500 -6572.604
480600 -6450.4935
480700 -6410.88
480800 -6506.041
480900 -6613.1284
481000 -6610.6762
481100 -6513.4197
481200 -6422.0068
481300 -6418.2478
481400 -6505.342
481500 -6605.864
481600 -6617.2766
481700 -6515.3664
481800 -6413.901
481900 -6443.1724
482000 -6564.49
482100 -6627.9963
482200 -6571.6814
482300 -6463.6571
482400 -6407.0293
482500 -6450.736
482600 -6557.2526
482700 -6626.8627
482800 -6579.8101
482900 -6457.7554
483000 -6408.779
483100 -6497.3898
483200 -6608.6807
483300 -6614.6877
483400 -6520.9941
483500 -6425.9573
483600 -6415.1996
483700 -6497.8813
483800 -6600.9258
483900 -6620.5515
484000 -6524.0561
484100 -6417.4151
484200 -6436.8244
484300 -6556.6022
484400 -6627.6308
484500 -6578.2883
484600 -6470.3005
484700 -6407.7793
484800 -6444.9617
484900 -6550.005
485000 -6625.422
485100 -6586.6248
485200 -6465.3837
485300 -6407.3856
485400 -6488.8424
485500 -6603.6953
485600 -6618.2121
485700 -6528.5701
485800 -6430.3196
485900 -6412.6068
486000 -6490.5271
486100 -6595.5839
486200 -6623.2395
486300 -6532.6807
486400 -6421.5756
486500 -6430.9866
486600 -6548.4537
486700 -6626.6638
486800 -6584.6157
486900 -6477.1711
487000 -6409.0141
487100 -6439.5214
487200 -6542.6212
487300 -6623.4172
487400 -6593.0116
487500 -6473.3268
487600 -6406.71
487700 -6480.4543
487800 -6598.1955
487900 -6621.226
488000 -6536.1124
488100 -6435.0762
488200 -6410.4797
488300 -6483.3121
488400 -6589.8686
488500 -6625.3318
488600 -6541.1871
488700 -6426.353
488800 -6425.6995
488900 -6540.0921
489000 -6625.0942
489100 -6590.63
489200 -6484.2391
489300 -6410.729
489400 -6434.4376
489500 -6535.1371
489600 -6620.8646
489700 -6598.9371
489800 -6481.5315
489900 -6406.7569
490000 -6472.2804
490100 -6592.2084
490200 -6623.7086
490300 -6543.5856
490400 -6440.2075
490500 -6408.8267
490600 -6476.268
490700 -6583.8118
490800 -6626.8233
490900 -6549.5238
491000 -6431.7137
491100 -6421.0004
491200 -6531.5674
491300 -6622.9243
491400 -6596.2986
491500 -6491.474
491600 -6412.9171
491700 -6429.7311
491800 -6527.5884
491900 -6617.7832
492000 -6604.3716
492100 -6489.9435
492200 -6407.526
492300 -6464.3752
492400 -6585.7641
492500 -6625.6411
492600 -6550.9537
492700 -6445.6925
492800 -6407.6545
492900 -6469.4252
493000 -6577.4462
493100 -6627.7121
493200 -6557.6412
493300 -6437.6201
493400 -6416.9222
493500 -6522.9313
493600 -6620.1596
493700 -6601.5899
493800 -6498.8438
493900 -6415.5696
494000 -6425.4211
494100 -6520.0106
494200 -6614.1943
494300 -6609.2885
494400 -6498.5075
494500 -6409.0118
494600 -6456.7916
494700 -6578.8965
494800 -6627.0075
494900 -6558.1809
495000 -6451.5083
495100 -6406.9677
495200 -6462.8134
495300 -6570.8056
495400 -6627.9999
495500 -6565.4918
495600 -6444.0311
495700 -6413.4938
495800 -6514.2371
495900 -6616.8093
496000 -6606.4735
496100 -6506.316
496200 -6418.6759
496300 -6421.5253
496400 -6512.4391
496500 -6610.1214
496600 -6613.6649
496700 -6507.168
496800 -6411.2037
496900 -6449.5809
497000 -6571.6425
497100 -6627.7945
497200 -6565.2316
497300 -6457.6309
497400 -6406.7691
497500 -6456.4605
497600 -6563.9245
497700 -6627.6915
497800 -6573.0305
497900 -6450.9024
498000 -6410.7395
498100 -6505.5391
498200 -6612.8863
498300 -6610.9209
498400 -6513.8569
498500 -6422.2236
498600 -6418.0594
498700 -6504.9085
498800 -6605.5901
498900 -6617.4817
499000 -6515.8695
499100 -6414.086
499200 -6442.7924
499300 -6564.042
499400 -6627.9915
499500 -6572.0703
499600 -6464.0344
499700 -6407.0594
499800 -6450.3936
499900 -6556.838
500000 -6626.795
500100 -6580.215
500200 -6458.1868
500300 -6408.679
500400 -6496.8924
500500 -6608.4069
500600 -6614.9049
500700 -6521.4322
500800 -6426.1983
500900 -6415.0373
501000 -6497.453
501100 -6600.6277
501200 -6620.723
501300 -6524.5569
501400 -6417.6383
501500 -6436.4727
501600 -6556.1379
501700 -6627.5913
501800 -6578.6619
501900 -6470.6917
502000 -6407.8375
502100 -6444.638
502200 -6549.5816
502300 -6625.3214
502400 -6587.0059
502500 -6465.8347
502600 -6407.327
502700 -6488.3527
502800 -6603.3911
502900 -6618.4004
503000 -6529.0073
503100 -6430.584
503200 -6412.4711
503300 -6490.106
503400 -6595.2634
503500 -6623.3767
503600 -6533.1761
503700 -6421.8353
503800 -6430.6656
503900 -6547.9757
504000 -6626.5895
504100 -6584.9722
504200 -6477.5745
504300 -6409.1002
504400 -6439.2177
504500 -6542.191
504600 -6623.2844
504700 -6593.3669
504800 -6473.7944
504900 -6406.693
505000 -6479.9754
505100 -6597.8625
505200 -6621.3842
505300 -6536.5466
505400 -6435.3628
505500 -6410.3712
505600 -6482.9
505700 -6589.5275
505800 -6625.4344
505900 -6541.6741
506000 -6426.6473
506100 -6425.4116
506200 -6539.6033
506300 -6624.9851
506400 -6590.9674
506500 -6484.6531
506600 -6410.8427
506700 -6434.1551
506800 -6534.7022
506900 -6620.7007
507000 -6599.2649
507100 -6482.0126
507200 -6406.7818
507300 -6471.8157
507400 -6591.848
507500 -6623.8354
507600 -6544.0147
507700 -6440.5152
507800 -6408.7458
507900 -6475.8667
508000 -6583.4519
508100 -6626.891
508200 -6549.9995
508300 -6432.0406
508400 -6420.7475
508500 -6531.0708
508600 -6622.7806
508700 -6596.615
508800 -6491.8966
508900 -6413.0579
509000 -6429.471
509100 -6527.1508
509200 -6617.5893
509300 -6604.6701
509400 -6490.4349
509500 -6407.5925
509600 -6463.9276
509700 -6585.3784
509800 -6625.7356
509900 -6551.3756
510000 -6446.0199
510100 -6407.6016
510200 -6469.0365
510300 -6577.0695
510400 -6627.7451
510500 -6558.1027
510600 -6437.9773
510700 -6416.7061
510800 -6522.4299
510900 -6619.9818
511000 -6601.8835
511100 -6499.2733
511200 -6415.7369
511300 -6425.1845
511400 -6519.5725
511500 -6613.9718
511600 -6609.5564
511700 -6499.006
511800 -6409.1194
511900 -6456.3642
512000 -6578.4874
512100 -6627.0689
512200 -6558.5936
512300 -6451.8541
512400 -6406.9429
512500 -6462.4388
512600 -6570.4141
512700 -6627.9982
512800 -6565.9364
512900 -6444.4162
513000 -6413.316
513100 -6513.7339
513200 -6616.598
513300 -6606.7427
513400 -6506.7503
513500 -6418.8691
513600 -6421.3131
513700 -6512.0023
513800 -6609.8717
513900 -6613.901
514000 -6507.6703
514100 -6411.3517
514200 -6449.1766
514300 -6571.2122
514400 -6627.822
514500 -6565.633
514600 -6457.9936
514700 -6406.7726
514800 -6456.1018
514900 -6563.5201
515000 -6627.6556
515100 -6573.4558
515200 -6451.3127
515300 -6410.6014
515400 -6505.0374
515500 -6612.6424
515600 -6611.164
515700 -6514.2941
515800 -6422.4419
515900 -6417.8725
516000 -6504.4752
516100 -6605.3147
516200 -6617.6848
516300 -6516.3725
516400 -6414.2733
516500 -6442.4139
516600 -6563.5929
516700 -6627.9847
516800 -6572.4583
516900 -6464.4125
517000 -6407.0911
517100 -6450.0522
517200 -6556.4228
517300 -6626.7254
517400 -6580.6186
517500 -6458.6195
517600 -6408.5815
517700 -6496.3954
517800 -6608.1314
517900 -6615.1205
518000 -6521.8704
518100 -6426.4408
518200 -6414.8764
518300 -6497.025
518400 -6600.3283
518500 -6620.8924
518600 -6525.0575
518700 -6417.8636
518800 -6436.1227
518900 -6555.6727
519000 -6627.5498
519100 -6579.0346
519200 -6471.0837
519300 -6407.8973
519400 -6444.3153
519500 -6549.1577
519600 -6625.2188
519700 -6587.3856
519800 -6466.2868
519900 -6407.2707
520000 -6487.8636
520100 -6603.0853
520200 -6618.587
520300 -6529.4444
520400 -6430.8497
520500 -6412.3369
520600 -6489.6853
520700 -6594.9417
520800 -6623.512
520900 -6533.6711
521000 -6422.097
521100 -6430.3465
521200 -6547.497
521300 -6626.5131
521400 -6585.3276
521500 -6477.9786
521600 -6409.188
521700 -6438.9151
521800 -6541.7605
521900 -6623.1498
522000 -6593.7207
522100 -6474.2629
522200 -6406.6785
522300 -6479.4974
522400 -6597.5278
522500 -6621.5406
522600 -6536.9805
522700 -6435.6506
522800 -6410.2642
522900 -6482.4885
523000 -6589.1853
523100 -6625.535
523200 -6542.1605
523300 -6426.9436
523400 -6425.1256
523500 -6539.114
523600 -6624.874
523700 -6591.3036
523800 -6485.0676
523900 -6410.9579
524000 -6433.8738
524100 -6534.2671
524200 -6620.535
524300 -6599.591
524400 -6482.4944
524500 -6406.809
524600 -6471.3518
524700 -6591.4862
524800 -6623.9604
524900 -6544.4434
525000 -6440.8239
525100 -6408.6665
525200 -6475.4661
525300 -6583.0911
525400 -6626.9568
525500 -6550.4743
525600 -6432.3693
525700 -6420.4966
525800 -6530.5738
525900 -6622.6349
526000 -6596.9302
526100 -6492.3197
526200 -6413.2002
526300 -6429.2122
526400 -6526.7132
526500 -6617.3938
526600 -6604.9669
526700 -6490.9268
526800 -6407.6613
526900 -6463.4811
527000 -6584.9912
527100 -6625.8283
527200 -6551.7971
527300 -6446.3483
527400 -6407.5502
527500 -6468.6485
527600 -6576.6919
527700 -6627.776
527800 -6558.5633
527900 -6438.3362
528000 -6416.4921
528100 -6521.9282
528200 -6619.802
528300 -6602.1758
528400 -6499.703
528500 -6415.9057
528600 -6424.9493
528700 -6519.1343
528800 -6613.7477
528900 -6609.8224
529000 -6499.5048
529100 -6409.2294
529200 -6455.938
529300 -6578.077
529400 -6627.1283
529500 -6559.0057
529600 -6452.2009
529700 -6406.9198
529800 -6462.0652
529900 -6570.0218
530000 -6627.9946
530100 -6566.38
530200 -6444.8028
530300 -6413.1405
530400 -6513.2307
530500 -6616.3848
530600 -6607.0105
530700 -6507.1848
530800 -6419.0637
530900 -6421.1024
531000 -6511.5658
531100 -6609.6205
531200 -6614.1351
531300 -6508.1728
531400 -6411.502
531500 -6448.7737
531600 -6570.7808
531700 -6627.8476
531800 -6566.0337
531900 -6458.3573
532000 -6406.7777
532100 -6455.7441
532200 -6563.1151
532300 -6627.6178
532400 -6573.8799
532500 -6451.7243
532600 -6410.4656
532700 -6504.5358
532800 -6612.3966
532900 -6611.4056
533000 -6514.7315
533100 -6422.6616
533200 -6417.6871
533300 -6504.0421
533400 -6605.0379
533500 -6617.8861
533600 -6516.8755
533700 -6414.4629
533800 -6442.037
533900 -6563.1429
534000 -6627.9759
534100 -6572.8456
534200 -6464.7915
534300 -6407.1244
534400 -6449.7118
534500 -6556.0071
534600 -6626.6539
534700 -6581.0209
534800 -6459.0533
534900 -6408.4863
535000 -6495.8987
535100 -6607.8541
535200 -6615.3344
535300 -6522.3086
535400 -6426.6847
535500 -6414.7171
535600 -6496.5975
535700 -6600.0276
535800 -6621.06
535900 -6525.5578
536000 -6418.091
536100 -6435.7744
536200 -6555.2066
536300 -6627.5063
536400 -6579.4064
536500 -6471.4764
536600 -6407.9588
536700 -6443.9938
536800 -6548.7334
536900 -6625.1144
537000 -6587.7639
537100 -6466.7399
537200 -6407.2169
537300 -6487.3749
537400 -6602.7777
537500 -6618.7719
537600 -6529.8813
537700 -6431.1167
537800 -6412.2043
537900 -6489.2651
538000 -6594.6187
538100 -6623.6452
538200 -6534.1657
538300 -6422.3607
538400 -6430.0292
538500 -6547.0176
538600 -6626.4348
538700 -6585.682
538800 -6478.3834
538900 -6409.2773
539000 -6438.6137
539100 -6541.3297
539200 -6623.0133
539300 -6594.073
539400 -6474.7323
539500 -6406.6663
539600 -6479.02
539700 -6597.1915
539800 -6621.6951
539900 -6537.4142
540000 -6435.9397
540100 -6410.1589
540200 -6482.0775
540300 -6588.8419
540400 -6625.6336
540500 -6542.6463
540600 -6427.2417
540700 -6424.8416
540800 -6538.6242
540900 -6624.7609
541000 -6591.6387
541100 -6485.4826
541200 -6411.0747
541300 -6433.5938
541400 -6533.8318
541500 -6620.3676
541600 -6599.9155
541700 -6482.9769
541800 -6406.8386
541900 -6470.8889
542000 -6591.1228
542100 -6624.0836
542200 -6544.8717
542300 -6441.1339
542400 -6408.5888
542500 -6475.0661
542600 -6582.7292
542700 -6627.0206
542800 -6550.9485
542900 -6432.6998
543000 -6420.2479
543100 -6530.0764
543200 -6622.4873
543300 -6597.244
543400 -6492.7432
543500 -6413.344
543600 -6428.9548
543700 -6526.2754
543800 -6617.1966
543900 -6605.262
544000 -6491.4192
544100 -6407.7326
544200 -6463.0357
544300 -6584.6026
544400 -6625.919
544500 -6552.218
544600 -6446.6779
544700 -6407.5005
544800 -6468.2614
544900 -6576.3135
545000 -6627.805
545100 -6559.0229
545200 -6438.6968
545300 -6416.2804
545400 -6521.4264
545500 -6619.6203
545600 -6602.4667
545700 -6500.1331
545800 -6416.076
545900 -6424.7155
546000 -6518.6963
546100 -6613.522
546200 -6610.0867
546300 -6500.0039
546400 -6409.3417
546500 -6455.5131
546600 -6577.6653
546700 -6627.1858
546800 -6559.4172
546900 -6452.5487
547000 -6406.8983
547100 -6461.6924
547200 -6569.6287
547300 -6627.989
547400 -6566.8226
547500 -6445.1909
547600 -6412.9673
547700 -6512.7276
547800 -6616.1697
547900 -6607.2768
548000 -6507.6196
548100 -6419.2599
548200 -6420.8931
548300 -6511.1293
548400 -6609.3678
548500 -6614.3674
548600 -6508.6754
548700 -6411.6546
548800 -6448.3722
548900 -6570.3482
549000 -6627.8712
549100 -6566.4336
549200 -6458.7219
549300 -6406.7844
549400 -6455.3873
549500 -6562.7094
549600 -6627.578
549700 -6574.3028
549800 -6452.1373
549900 -6410.3321
550000 -6504.0345
550100 -6612.149
550200 -6611.6457
550300 -6515.169
550400 -6422.8827
550500 -6417.5032
550600 -6503.6093
550700 -6604.7597
550800 -6618.0853
550900 -6517.3784
551000 -6414.6546
551100 -6441.6617
551200 -6562.6919
551300 -6627.9651
551400 -6573.232
551500 -6465.1714
551600 -6407.1594
551700 -6449.3725
551800 -6555.5909
551900 -6626.5805
552000 -6581.4218
552100 -6459.4884
552200 -6408.3935
552300 -6495.4024
552400 -6607.575
552500 -6615.5467
552600 -6522.7468
552700 -6426.9299
552800 -6414.5593
552900 -6496.1703
553000 -6599.7255
553100 -6621.2255
553200 -6526.0579
553300 -6418.3206
553400 -6435.4278
553500 -6554.7397
553600 -6627.4608
553700 -6579.7773
553800 -6471.8699
553900 -6408.0218
554000 -6443.6734
554100 -6548.3087
554200 -6625.0081
554300 -6588.1407
554400 -6467.1941
554500 -6407.1654
554600 -6486.8869
554700 -6602.4685
554800 -6618.9551
554900 -6530.3181
555000 -6431.385
555100 -6412.0733
555200 -6488.8454
555300 -6594.2945
555400 -6623.7764
555500 -6534.6598
555600 -6422.6265
555700 -6429.7138
555800 -6546.5376
555900 -6626.3544
556000 -6586.0353
556100 -6478.7888
556200 -6409.3682
556300 -6438.3136
556400 -6540.8985
556500 -6622.8751
556600 -6594.4237
556700 -6475.2025
556800 -6406.6566
556900 -6478.5434
557000 -6596.8535
557100 -6621.8479
557200 -6537.8477
557300 -6436.23
557400 -6410.0551
557500 -6481.6672
557600 -6588.4975
557700 -6625.7302
557800 -6543.1315
557900 -6427.5419
558000 -6424.5596
558100 -6538.1338
558200 -6624.6457
558300 -6591.9725
558400 -6485.8982
558500 -6411.1931
558600 -6433.3151
558700 -6533.3963
558800 -6620.1984
558900 -6600.2383
559000 -6483.46
559100 -6406.8707
559200 -6470.4269
559300 -6590.7579
559400 -6624.2049
559500 -6545.2997
559600 -6441.445
559700 -6408.5128
559800 -6474.6669
559900 -6582.3663
560000 -6627.0823
560100 -6551.4219
560200 -6433.0322
560300 -6420.0012
560400 -6529.5787
560500 -6622.3376
560600 -6597.5566
560700 -6493.1671
560800 -6413.4894
560900 -6428.6987
561000 -6525.8377
561100 -6616.9977
561200 -6605.5553
561300 -6491.912
561400 -6407.8062
561500 -6462.5913
561600 -6584.2126
561700 -6626.0078
561800 -6552.6385
561900 -6447.0086
562000 -6407.4525
562100 -6467.875
562200 -6575.9341
562300 -6627.8319
562400 -6559.4817
562500 -6439.059
562600 -6416.0708
562700 -6520.9244
562800 -6619.4366
562900 -6602.7563
563000 -6500.5635
563100 -6416.2479
563200 -6424.483
563300 -6518.2582
563400 -6613.2947
563500 -6610.3491
563600 -6500.5033
563700 -6409.4564
563800 -6455.0895
563900 -6577.2523
564000 -6627.2414
564100 -6559.8281
564200 -6452.8975
564300 -6406.8784
564400 -6461.3205
564500 -6569.2348
564600 -6627.9813
564700 -6567.264
564800 -6445.5805
564900 -6412.7963
565000 -6512.2244
565100 -6615.9527
565200 -6607.5416
565300 -6508.0546
565400 -6419.4574
565500 -6420.6853
565600 -6510.6931
565700 -6609.1135
565800 -6614.5978
565900 -6509.1782
566000 -6411.8094
566100 -6447.9721
566200 -6569.9145
566300 -6627.8928
566400 -6566.8329
566500 -6459.0874
566600 -6406.7928
566700 -6455.0315
566800 -6562.303
566900 -6627.5362
567000 -6574.7245
567100 -6452.5517
567200 -6410.2009
567300 -6503.5334
567400 -6611.8995
567500 -6611.8841
567600 -6515.6065
567700 -6423.1052
567800 -6417.3207
567900 -6503.1768
568000 -6604.4801
568100 -6618.2827
568200 -6517.8813
568300 -6414.8486
568400 -6441.2879
568500 -6562.2399
568600 -6627.9523
568700 -6573.6175
568800 -6465.552
568900 -6407.196
569000 -6449.0343
569100 -6555.1741
569200 -6626.5051
569300 -6581.8214
569400 -6459.9246
569500 -6408.303
569600 -6494.9065
569700 -6607.2941
569800 -6615.7574
569900 -6523.1849
570000 -6427.1764
570100 -6414.403
570200 -6495.7435
570300 -6599.4221
570400 -6621.3891
570500 -6526.5577
570600 -6418.5523
570700 -6435.083
570800 -6554.272
570900 -6627.4132
571000 -6580.1471
571100 -6472.2641
571200 -6408.0865
571300 -6443.3541
571400 -6547.8835
571500 -6624.8999
571600 -6588.5161
571700 -6467.6492
571800 -6407.1163
571900 -6486.3994
572000 -6602.1575
572100 -6619.1365
572200 -6530.7548
572300 -6431.6546
572400 -6411.9438
572500 -6488.4262
572600 -6593.9691
572700 -6623.9057
572800 -6535.1535
572900 -6422.8943
573000 -6429.4003
573100 -6546.0569
573200 -6626.2721
573300 -6586.3875
573400 -6479.1948
573500 -6409.4607
573600 -6438.0146
573700 -6540.467
573800 -6622.735
573900 -6594.7728
574000 -6475.6735
574100 -6406.6493
574200 -6478.0676
574300 -6596.514
574400 -6621.999
574500 -6538.2809
574600 -6436.5216
574700 -6409.9529
574800 -6481.2574
574900 -6588.1519
575000 -6625.8247
575100 -6543.6161
575200 -6427.8439
575300 -6424.2795
575400 -6537.6429
575500 -6624.5286
575600 -6592.3052
575700 -6486.3143
575800 -6411.3131
575900 -6433.0377
576000 -6532.9606
576100 -6620.0275
576200 -6600.5594
576300 -6483.9437
576400 -6406.9052
576500 -6469.9658
576600 -6590.3915
576700 -6624.3244
576800 -6545.7274
576900 -6441.7573
577000 -6408.4383
577100 -6474.2684
577200 -6582.0024
577300 -6627.142
577400 -6551.8945
577500 -6433.3663
577600 -6419.7566
577700 -6529.0807
577800 -6622.186
577900 -6597.8679
578000 -6493.5914
578100 -6413.6364
578200 -6428.4439
578300 -6525.3998
578400 -6616.7971
578500 -6605.8468
578600 -6492.4053
578700 -6407.8822
578800 -6462.1482
578900 -6583.8213
579000 -6626.0948
579100 -6553.0584
579200 -6447.3403
579300 -6407.406
579400 -6467.4894
579500 -6575.5538
579600 -6627.8569
579700 -6559.9395
579800 -6439.4229
579900 -6415.8635
580000 -6520.4223
580100 -6619.251
580200 -6603.0444
580300 -6500.9943
580400 -6416.4212
580500 -6424.252
580600 -6517.8202
580700 -6613.0658
580800 -6610.6097
580900 -6501.0029
581000 -6409.5734
581100 -6454.6671
581200 -6576.8381
581300 -6627.295
581400 -6560.2383
581500 -6453.2474
581600 -6406.8601
581700 -6460.9495
581800 -6568.8401
581900 -6627.9717
582000 -6567.7044
582100 -6445.9717
582200 -6412.6276
582300 -6511.7213
582400 -6615.7338
582500 -6607.8049
582600 -6508.4898
582700 -6419.6565
582800 -6420.4788
582900 -6510.257
583000 -6608.8578
583100 -6614.8263
583200 -6509.681
583300 -6411.9666
583400 -6447.5735
583500 -6569.4797
583600 -6627.9124
583700 -6567.2314
583800 -6459.4538
583900 -6406.8028
584000 -6454.6766
584100 -6561.896
584200 -6627.4924
584300 -6575.145
584400 -6452.9673
584500 -6410.072
584600 -6503.0325
584700 -6611.6481
584800 -6612.121
584900 -6516.0442
585000 -6423.3291
585100 -6417.1398
585200 -6502.7446
585300 -6604.199
585400 -6618.4781
585500 -6518.384
585600 -6415.0448
585700 -6440.9158
585800 -6561.7869
585900 -6627.9375
586000 -6574.0022
586100 -6465.9335
586200 -6407.2342
586300 -6448.6971
586400 -6554.7568
586500 -6626.4279
586600 -6582.2197
586700 -6460.362
586800 -6408.215
586900 -6494.411
587000 -6607.0115
587100 -6615.9664
587200 -6523.623
587300 -6427.4244
587400 -6414.2483
587500 -6495.3171
587600 -6599.1174
587700 -6621.5507
587800 -6527.0573
587900 -6418.7862
588000 -6434.7399
588100 -6553.8034
588200 -6627.3637
588300 -6580.516
588400 -6472.659
588500 -6408.1528
588600 -6443.036
588700 -6547.4579
588800 -6624.7899
588900 -6588.89
589000 -6468.1054
589100 -6407.0697
589200 -6485.9125
589300 -6601.8449
589400 -6619.3162
589500 -6531.1914
589600 -6431.9255
589700 -6411.8159
589800 -6488.0075
589900 -6593.6425
590000 -6624.0329
590100 -6535.6468
590200 -6423.1642
590300 -6429.0887
590400 -6545.5755
590500 -6626.1877
590600 -6586.7386
590700 -6479.6015
590800 -6409.5548
590900 -6437.7169
591000 -6540.0353
591100 -6622.5931
591200 -6595.1204
591300 -6476.1453
591400 -6406.6444
591500 -6477.5925
591600 -6596.1729
591700 -6622.1482
591800 -6538.7138
591900 -6436.8144
592000 -6409.8523
592100 -6480.8482
592200 -6587.8051
592300 -6625.9173
592400 -6544.1001
592500 -6428.1479
592600 -6424.0015
592700 -6537.1516
592800 -6624.4095
592900 -6592.6367
593000 -6486.7309
593100 -6411.4347
593200 -6432.7616
593300 -6532.5247
593400 -6619.8548
593500 -6600.8789
593600 -6484.4281
593700 -6406.942
593800 -6469.5057
593900 -6590.0236
594000 -6624.442
594100 -6546.1546
594200 -6442.0708
594300 -6408.3655
594400 -6473.8705
594500 -6581.6375
594600 -6627.1998
594700 -6552.3663
594800 -6433.7022
594900 -6419.5142
595000 -6528.5823
595100 -6622.0324
595200 -6598.1779
595300 -6494.0162
595400 -6413.7849
595500 -6428.1905
595600 -6524.9619
595700 -6616.5949
595800 -6606.1366
595900 -6492.8991
596000 -6407.9606
596100 -6461.7061
596200 -6583.4286
596300 -6626.1798
596400 -6553.4779
596500 -6447.6732
596600 -6407.3612
596700 -6467.1046
596800 -6575.1726
596900 -6627.8798
597000 -6560.3964
597100 -6439.7885
597200 -6415.6583
597300 -6519.92
597400 -6619.0634
597500 -6603.3312
597600 -6501.4253
597700 -6416.5961
597800 -6424.0223
597900 -6517.3823
598000 -6612.8353
598100 -6610.8685
598200 -6501.5029
598300 -6409.6927
598400 -6454.2461
598500 -6576.4226
598600 -6627.3466
598700 -6560.648
598800 -6453.5982
598900 -6406.8435
599000 -6460.5794
599100 -6568.4447
599200 -6627.9601
599300 -6568.1437
599400 -6446.3643
599500 -6412.4612
599600 -6511.2182
599700 -6615.5129
599800 -6608.0667
599900 -6508.9251
600000 -6419.857
600100 -6420.2739
600200 -6509.821
600300 -6608.6005
600400 -6615.0529
600500 -6510.1839
600600 -6412.1261
600700 -6447.1764
600800 -6569.0437
600900 -6627.9301
601000 -6567.6291
601100 -6459.8212
601200 -6406.8144
601300 -6454.3228
601400 -6561.4883
601500 -6627.4467
601600 -6575.5643
601700 -6453.3844
601800 -6409.9455
601900 -6502.5318
602000 -6611.3949
602100 -6612.3564
602200 -6516.4819
602300 -6423.5545
602400 -6416.9604
602500 -6502.3126
602600 -6603.9165
602700 -6618.6716
602800 -6518.8867
602900 -6415.2433
603000 -6440.5453
603100 -6561.3329
603200 -6627.9207
603300 -6574.386
603400 -6466.3158
603500 -6407.2741
603600 -6448.361
603700 -6554.3389
603800 -6626.3487
603900 -6582.6166
604000 -6460.8006
604100 -6408.1293
604200 -6493.9159
604300 -6606.7271
604400 -6616.1737
604500 -6524.0611
604600 -6427.6736
604700 -6414.0951
604800 -6494.891
604900 -6598.8114
605000 -6621.7104
605100 -6527.5565
605200 -6419.0222
605300 -6434.3986
605400 -6553.334
605500 -6627.3121
605600 -6580.8839
605700 -6473.0547
605800 -6408.2207
605900 -6442.719
606000 -6547.0319
606100 -6624.678
606200 -6589.2624
606300 -6468.5625
606400 -6407.0255
606500 -6485.4262
606600 -6601.5306
606700 -6619.4942
606800 -6531.6278
606900 -6432.1978
607000 -6411.6896
607100 -6487.5893
607200 -6593.3147
607300 -6624.1582
607400 -6536.1396
607500 -6423.4361
607600 -6428.7789
607700 -6545.0934
607800 -6626.1013
607900 -6587.0887
608000 -6480.0087
608100 -6409.6505
608200 -6437.4203
608300 -6539.6032
608400 -6622.4494
608500 -6595.4664
608600 -6476.618
608700 -6406.6419
608800 -6477.1182
608900 -6595.8302
609000 -6622.2956
609100 -6539.1464
609200 -6437.1084
609300 -6409.7534
609400 -6480.4397
609500 -6587.4573
609600 -6626.0078
609700 -6544.5835
609800 -6428.4537
609900 -6423.7255
610000 -6536.6597
610100 -6624.2883
610200 -6592.967
610300 -6487.1481
610400 -6411.5578
610500 -6432.4867
610600 -6532.0886
610700 -6619.6804
610800 -6601.1967
610900 -6484.9132
611000 -6406.9813
611100 -6469.0465
611200 -6589.6542
611300 -6624.5577
611400 -6546.5814
611500 -6442.3854
611600 -6408.2942
611700 -6473.4734
611800 -6581.2716
611900 -6627.2555
612000 -6552.8373
612100 -6434.0399
612200 -6419.2738
612300 -6528.0837
612400 -6621.8768
612500 -6598.4867
612600 -6494.4414
612700 -6413.9349
612800 -6427.9385
612900 -6524.5239
613000 -6616.3909
613100 -6606.4247
613200 -6493.3933
613300 -6408.0414
613400 -6461.2651
613500 -6583.0344
613600 -6626.2629
613700 -6553.8969
613800 -6448.0071
613900 -6407.318
614000 -6466.7206
614100 -6574.7906
614200 -6627.9007
614300 -6560.8523
614400 -6440.1556
614500 -6415.4553
614600 -6519.4176
614700 -6618.8739
614800 -6603.6166
614900 -6501.8566
615000 -6416.7724
615100 -6423.7941
615200 -6516.9444
615300 -6612.6033
615400 -6611.1255
615500 -6502.0031
615600 -6409.8144
615700 -6453.8264
615800 -6576.0059
615900 -6627.3964
616000 -6561.057
616100 -6453.95
616200 -6406.8285
616300 -6460.2102
616400 -6568.0485
616500 -6627.9466
616600 -6568.582
616700 -6446.7584
616800 -6412.297
616900 -6510.7152
617000 -6615.2902
617100 -6608.3271
617200 -6509.3607
617300 -6420.0589
617400 -6420.0704
617500 -6509.3853
617600 -6608.3417
617700 -6615.2776
617800 -6510.6868
617900 -6412.2878
618000 -6446.7807
618100 -6568.6067
618200 -6627.9457
618300 -6568.0261
618400 -6460.1894
618500 -6406.8277
618600 -6453.9699
618700 -6561.08
618800 -6627.3991
618900 -6575.9823
619000 -6453.8027
619100 -6409.8213
619200 -6502.0313
619300 -6611.1399
619400 -6612.5901
619500 -6516.9197
619600 -6423.7812
619700 -6416.7824
619800 -6501.881
619900 -6603.6326
620000 -6618.8632
620100 -6519.3892
620200 -6415.4439
620300 -6440.1764
620400 -6560.878
620500 -6627.9018
620600 -6574.769
620700 -6466.699
620800 -6407.3156
620900 -6448.0259
621000 -6553.9205
621100 -6626.2676
621200 -6583.0122
621300 -6461.2403
621400 -6408.046
621500 -6493.4212
621600 -6606.4409
621700 -6616.3794
621800 -6524.4992
621900 -6427.9243
622000 -6413.9434
622100 -6494.4654
622200 -6598.504
622300 -6621.868
622400 -6528.0555
622500 -6419.2603
622600 -6434.059
622700 -6552.8639
622800 -6627.2585
622900 -6581.2509
623000 -6473.451
623100 -6408.2903
623200 -6442.4032
623300 -6546.6055
623400 -6624.5642
623500 -6589.6333
623600 -6469.0207
623700 -6406.9836
623800 -6484.9406
623900 -6601.2145
624000 -6619.6705
624100 -6532.064
624200 -6432.4713
624300 -6411.5648
624400 -6487.1716
624500 -6592.9856
624600 -6624.2814
624700 -6536.632
624800 -6423.71
624900 -6428.471
625000 -6544.6107
625100 -6626.0129
625200 -6587.4377
625300 -6480.4167
625400 -6409.7478
625500 -6437.125
625600 -6539.1708
625700 -6622.3039
625800 -6595.8108
625900 -6477.0914
626000 -6406.6418
626100 -6476.6447
626200 -6595.4859
626300 -6622.4412
626400 -6539.5788
626500 -6437.4036
626600 -6409.656
626700 -6480.0317
626800 -6587.1084
626900 -6626.0963
627000 -6545.0662
627100 -6428.7615
627200 -6423.4515
627300 -6536.1674
627400 -6624.1652
627500 -6593.2961
627600 -6487.5657
627700 -6411.6825
627800 -6432.2132
627900 -6531.6524
628000 -6619.5042
628100 -6601.5128
628200 -6485.3988
628300 -6407.023
628400 -6468.5884
628500 -6589.2834
628600 -6624.6716
628700 -6547.0078
628800 -6442.7012
628900 -6408.2246
629000 -6473.077
629100 -6580.9047
629200 -6627.3091
629300 -6553.3075
629400 -6434.3794
629500 -6419.0356
629600 -6527.5847
629700 -6621.7193
629800 -6598.7941
629900 -6494.867
630000 -6414.0865
630100 -6427.6877
630200 -6524.0858
630300 -6616.1854
630400 -6606.711
630500 -6493.888
630600 -6408.1245
630700 -6460.8254
630800 -6582.639
630900 -6626.3442
631000 -6554.3153
631100 -6448.3421
631200 -6407.2764
631300 -6466.3374
631400 -6574.4077
631500 -6627.9197
631600 -6561.3073
631700 -6440.5244
631800 -6415.2545
631900 -6518.915
632000 -6618.6825
632100 -6603.9005
632200 -6502.2883
632300 -6416.9503
632400 -6423.5672
632500 -6516.5066
632600 -6612.3696
632700 -6611.3806
632800 -6502.5035
632900 -6409.9385
633000 -6453.4079
633100 -6575.5879
633200 -6627.4441
633300 -6561.4653
633400 -6454.3028
633500 -6406.8151
633600 -6459.8419
633700 -6567.6515
633800 -6627.931
633900 -6569.0191
634000 -6447.154
634100 -6412.1351
634200 -6510.2122
634300 -6615.0656
634400 -6608.5859
634500 -6509.7964
634600 -6420.2624
634700 -6419.8683
634800 -6508.9497
634900 -6608.0815
635000 -6615.5004
635100 -6511.1898
635200 -6412.4518
635300 -6446.3865
635400 -6568.1685
635500 -6627.9594
635600 -6568.4223
635700 -6460.5586
635800 -6406.8426
635900 -6453.618
636000 -6560.671
636100 -6627.3495
636200 -6576.3991
636300 -6454.2224
636400 -6409.6995
636500 -6501.5311
636600 -6610.8831
636700 -6612.8223
636800 -6517.3576
636900 -6424.0094
637000 -6416.606
637100 -6501.4496
637200 -6603.3473
637300 -6619.0528
637400 -6519.8916
637500 -6415.6468
637600 -6439.8091
637700 -6560.4221
637800 -6627.881
637900 -6575.1511
638000 -6467.0829
638100 -6407.3587
638200 -6447.692
638300 -6553.5016
638400 -6626.1846
638500 -6583.4064
638600 -6461.6812
638700 -6407.9651
638800 -6492.927
638900 -6606.1529
639000 -6616.5834
639100 -6524.9371
639200 -6428.1763
639300 -6413.7933
639400 -6494.0402
639500 -6598.1954
639600 -6622.0237
639700 -6528.5542
639800 -6419.5005
639900 -6433.7212
640000 -6552.3929
640100 -6627.203
640200 -6581.6168
640300 -6473.8481
640400 -6408.3614
640500 -6442.0885
640600 -6546.1787
640700 -6624.4485
640800 -6590.0028
640900 -6469.4798
641000 -6406.9442
641100 -6484.4555
641200 -6600.8968
641300 -6619.845
641400 -6532.5001
641500 -6432.746
641600 -6411.4416
641700 -6486.7544
641800 -6592.6554
641900 -6624.4027
642000 -6537.1238
642100 -6423.9859
642200 -6428.1651
642300 -6544.1274
642400 -6625.9224
642500 -6587.7855
642600 -6480.8252
642700 -6409.8467
642800 -6436.8309
642900 -6538.7382
643000 -6622.1565
643100 -6596.1536
643200 -6477.5657
643300 -6406.6442
643400 -6476.172
643500 -6595.14
643600 -6622.585
643700 -6540.0109
643800 -6437.7001
643900 -6409.5602
644000 -6479.6244
644100 -6586.7584
644200 -6626.1829
644300 -6545.5483
644400 -6429.0711
644500 -6423.1795
644600 -6535.6746
644700 -6624.04
644800 -6593.624
644900 -6487.9839
645000 -6411.8087
645100 -6431.9409
645200 -6531.216
645300 -6619.3263
645400 -6601.8272
645500 -6485.8851
645600 -6407.0671
645700 -6468.1312
645800 -6588.911
645900 -6624.7836
646000 -6547.4339
646100 -6443.0181
646200 -6408.1566
646300 -6472.6813
646400 -6580.5368
646500 -6627.3608
646600 -6553.777
646700 -6434.7206
646800 -6418.7995
646900 -6527.0854
647000 -6621.5598
647100 -6599.1002
647200 -6495.293
647300 -6414.2396
647400 -6427.4384
647500 -6523.6478
647600 -6615.9781
647700 -6606.9955
647800 -6494.3831
647900 -6408.2101
648000 -6460.3867
648100 -6582.2421
648200 -6626.4235
648300 -6554.7332
648400 -6448.6781
648500 -6407.2364
648600 -6465.9551
648700 -6574.0239
648800 -6627.9366
648900 -6561.7613
649000 -6440.8949
649100 -6415.056
649200 -6518.4124
649300 -6618.4891
649400 -6604.1831
649500 -6502.7202
649600 -6417.1296
649700 -6423.3418
649800 -6516.0689
649900 -6612.1344
650000 -6611.6339
650100 -6503.0042
650200 -6410.0648
650300 -6452.9908
650400 -6575.1687
650500 -6627.4899
650600 -6561.873
650700 -6454.6566
650800 -6406.8034
650900 -6459.4745
651000 -6567.2538
651100 -6627.9134
651200 -6569.4551
651300 -6447.5511
651400 -6411.9755
651500 -6509.7093
651600 -6614.8391
651700 -6608.8433
651800 -6510.2324
651900 -6420.4672
652000 -6419.6678
652100 -6508.5143
652200 -6607.8197
652300 -6615.7214
652400 -6511.6929
652500 -6412.6181
652600 -6445.9938
652700 -6567.7292
652800 -6627.9711
652900 -6568.8178
653000 -6460.9286
653100 -6406.8591
653200 -6453.2671
653300 -6560.2615
653400 -6627.2979
653500 -6576.8147
653600 -6454.6433
653700 -6409.58
653800 -6501.0311
653900 -6610.6244
654000 -6613.0529
654100 -6517.7955
654200 -6424.239
654300 -6416.4311
654400 -6501.0186
654500 -6603.0606
654600 -6619.2405
654700 -6520.3939
654800 -6415.8518
654900 -6439.4435
655000 -6559.9653
655100 -6627.8582
655200 -6575.5323
655300 -6467.4677
655400 -6407.4034
655500 -6447.3591
655600 -6553.0821
655700 -6626.0996
655800 -6583.7992
655900 -6462.1232
656000 -6407.8865
656100 -6492.4332
656200 -6605.8632
656300 -6616.7857
656400 -6525.3751
656500 -6428.4296
656600 -6413.6447
656700 -6493.6154
656800 -6597.8855
656900 -6622.1774
657000 -6529.0526
657100 -6419.7429
657200 -6433.3852
657300 -6551.9211
657400 -6627.1454
657500 -6581.9818
657600 -6474.2459
657700 -6408.4342
657800 -6441.775
657900 -6545.7515
658000 -6624.331
658100 -6590.3708
658200 -6469.9398
658300 -6406.9072
658400 -6483.9711
658500 -6600.5775
658600 -6620.0178
658700 -6532.936
658800 -6433.0221
658900 -6411.3199
659000 -6486.3378
659100 -6592.3239
659200 -6624.5219
659300 -6537.6152
659400 -6424.2638
659500 -6427.861
659600 -6543.6434
659700 -6625.83
659800 -6588.1323
659900 -6481.2343
660000 -6409.9472
660100 -6436.5381
660200 -6538.3053
660300 -6622.0074
660400 -6596.4948
660500 -6478.0407
660600 -6406.6489
660700 -6475.7001
660800 -6594.7925
660900 -6622.727
661000 -6540.4427
661100 -6437.9978
661200 -6409.466
661300 -6479.2177
661400 -6586.4073
661500 -6626.2674
661600 -6546.0297
661700 -6429.3827
661800 -6422.9095
661900 -6535.1814
662000 -6623.9129
662100 -6593.9507
662200 -6488.4026
662300 -6411.9366
662400 -6431.6699
662500 -6530.7795
662600 -6619.1467
662700 -6602.1399
662800 -6486.3719
662900 -6407.1136
663000 -6467.6749
663100 -6588.5372
663200 -6624.8938
663300 -6547.8595
663400 -6443.3362
663500 -6408.0902
663600 -6472.2863
663700 -6580.168
663800 -6627.4105
663900 -6554.2456
664000 -6435.0636
664100 -6418.5655
664200 -6526.5859
664300 -6621.3983
664400 -6599.405
664500 -6495.7194
664600 -6414.3943
664700 -6427.1904
664800 -6523.2096
664900 -6615.7692
665000 -6607.2782
665100 -6494.8785
665200 -6408.298
665300 -6459.9493
665400 -6581.8439
665500 -6626.5008
665600 -6555.1506
665700 -6449.0152
665800 -6407.1981
665900 -6465.5735
666000 -6573.6392
666100 -6627.9515
666200 -6562.2144
666300 -6441.2669
666400 -6414.8596
666500 -6517.9096
666600 -6618.2938
666700 -6604.4642
666800 -6503.1524
666900 -6417.3105
667000 -6423.1178
667100 -6515.6312
667200 -6611.8975
667300 -6611.8853
667400 -6503.5051
667500 -6410.1935
667600 -6452.5751
667700 -6574.7483
667800 -6627.5338
667900 -6562.2801
668000 -6455.0114
668100 -6406.7933
668200 -6459.108
668300 -6566.8554
668400 -6627.8939
668500 -6569.89
668600 -6447.9496
668700 -6411.8182
668800 -6509.2065
668900 -6614.6107
669000 -6609.0991
669100 -6510.6685
669200 -6420.6736
669300 -6419.4686
669400 -6508.0791
669500 -6607.5565
669600 -6615.9404
669700 -6512.196
669800 -6412.7867
669900 -6445.6026
670000 -6567.2889
670100 -6627.9809
670200 -6569.2125
670300 -6461.2996
670400 -6406.8773
670500 -6452.9173
670600 -6559.8512
670700 -6627.2444
670800 -6577.229
670900 -6455.0656
671000 -6409.4629
671100 -6500.5315
671200 -6610.3639
671300 -6613.2818
671400 -6518.2335
671500 -6424.4699
671600 -6416.2576
671700 -6500.5878
671800 -6602.7726
671900 -6619.4262
672000 -6520.8961
672100 -6416.0591
672200 -6439.0795
672300 -6559.5075
672400 -6627.8334
672500 -6575.9126
672600 -6467.8532
672700 -6407.4498
672800 -6447.0273
672900 -6552.6622
673000 -6626.0128
673100 -6584.1906
673200 -6462.5663
673300 -6407.8104
673400 -6491.9398
673500 -6605.5718
673600 -6616.9864
673700 -6525.8129
673800 -6428.6843
673900 -6413.4977
674000 -6493.191
674100 -6597.5742
674200 -6622.3291
674300 -6529.5506
674400 -6419.9873
674500 -6433.051
674600 -6551.4485
674700 -6627.0857
674800 -6582.3458
674900 -6474.6444
675000 -6408.5085
675100 -6441.4626
675200 -6545.3239
675300 -6624.2117
675400 -6590.7373
675500 -6470.4008
675600 -6406.8726
675700 -6483.4873
675800 -6600.2564
675900 -6620.1888
676000 -6533.3717
676100 -6433.2995
676200 -6411.1999
676300 -6485.9216
676400 -6591.9913
676500 -6624.6392
676600 -6538.1061
676700 -6424.5437
676800 -6427.5589
676900 -6543.1589
677000 -6625.7356
677100 -6588.478
677200 -6481.644
677300 -6410.0493
677400 -6436.2465
677500 -6537.8721
677600 -6621.8565
677700 -6596.8344
677800 -6478.5165
677900 -6406.6561
678000 -6475.229
678100 -6594.4434
678200 -6622.8672
678300 -6540.8742
678400 -6438.2967
678500 -6409.3734
678600 -6478.8117
678700 -6586.0552
678800 -6626.3498
678900 -6546.5105
679000 -6429.6961
679100 -6422.6416
679200 -6534.6877
679300 -6623.7838
679400 -6594.2762
679500 -6488.8218
679600 -6412.0659
679700 -6431.4002
679800 -6530.3428
679900 -6618.9653
680000 -6602.451
680100 -6486.8594
680200 -6407.1626
680300 -6467.2197
680400 -6588.1619
680500 -6625.002
680600 -6548.2847
680700 -6443.6554
680800 -6408.0254
680900 -6471.8921
681000 -6579.7981
681100 -6627.4581
681200 -6554.7134
681300 -6435.4083
681400 -6418.3336
681500 -6526.0861
681600 -6621.2348
681700 -6599.7084
681800 -6496.1462
681900 -6414.5504
682000 -6426.9437
682100 -6522.7715
682200 -6615.5586
682300 -6607.5592
682400 -6495.3744
682500 -6408.3883
682600 -6459.513
682700 -6581.4444
682800 -6626.5763
682900 -6555.5674
683000 -6449.3534
683100 -6407.1614
683200 -6465.1928
683300 -6573.2537
683400 -6627.9644
683500 -6562.6664
683600 -6441.6405
683700 -6414.6655
683800 -6517.4068
683900 -6618.0965
684000 -6604.744
684100 -6503.5849
684200 -6417.4928
684300 -6422.8952
684400 -6515.1936
684500 -6611.6592
684600 -6612.1349
684700 -6504.0062
684800 -6410.3246
684900 -6452.1607
685000 -6574.3266
685100 -6627.5757
685200 -6562.6865
685300 -6455.3672
685400 -6406.7848
685500 -6458.7425
685600 -6566.4562
685700 -6627.8724
685800 -6570.3238
685900 -6448.3496
686000 -6411.6632
686100 -6508.7038
686200 -6614.3804
686300 -6609.3535
686400 -6511.1047
686500 -6420.8813
686600 -6419.271
686700 -6507.6441
686800 -6607.2917
686900 -6616.1575
687000 -6512.6992
687100 -6412.9576
687200 -6445.2128
687300 -6566.8475
687400 -6627.9886
687500 -6569.6065
687600 -6461.6714
687700 -6406.8971
687800 -6452.5684
687900 -6559.4404
688000 -6627.189
688100 -6577.642
688200 -6455.4892
688300 -6409.3481
688400 -6500.032
688500 -6610.1015
688600 -6613.5092
688700 -6518.6715
688800 -6424.7023
688900 -6416.0857
689000 -6500.1574
689100 -6602.4831
689200 -6619.61
689300 -6521.3981
689400 -6416.2685
689500 -6438.7172
689600 -6559.0488
689700 -6627.8065
689800 -6576.2921
689900 -6468.2395
690000 -6407.4978
690100 -6446.6965
690200 -6552.2417
690300 -6625.9241
690400 -6584.5807
690500 -6463.0106
690600 -6407.7366
690700 -6491.447
690800 -6605.2786
690900 -6617.1854
691000 -6526.2508
691100 -6428.9403
691200 -6413.3522
691300 -6492.7671
691400 -6597.2617
691500 -6622.4789
691600 -6530.0483
691700 -6420.2339
691800 -6432.7185
691900 -6550.9752
692000 -6627.0241
692100 -6582.7087
692200 -6475.0436
692300 -6408.5845
692400 -6441.1514
692500 -6544.8959
692600 -6624.0905
692700 -6591.1022
692800 -6470.8628
692900 -6406.8404
693000 -6483.0041
693100 -6599.9337
693200 -6620.3581
693300 -6533.8072
693400 -6433.5781
693500 -6411.0814
693600 -6485.506
693700 -6591.6575
693800 -6624.7544
693900 -6538.5965
694000 -6424.8256
694100 -6427.2586
694200 -6542.6737
694300 -6625.6391
694400 -6588.8225
694500 -6482.0544
694600 -6410.153
694700 -6435.9561
694800 -6537.4387
694900 -6621.7038
695000 -6597.1724
695100 -6478.9931
695200 -6406.6657
695300 -6474.7588
695400 -6594.0928
695500 -6623.0056
695600 -6541.3054
695700 -6438.5968
695800 -6409.2824
695900 -6478.4062
696000 -6585.7019
696100 -6626.4303
696200 -6546.9906
696300 -6430.0114
696400 -6422.3756
696500 -6534.1936
696600 -6623.6526
696700 -6594.6005
696800 -6489.2414
696900 -6412.1969
697000 -6431.1318
697100 -6529.906
697200 -6618.7823
697300 -6602.7603
697400 -6487.3474
697500 -6407.2139
697600 -6466.7655
697700 -6587.7852
697800 -6625.1084
697900 -6548.7095
698000 -6443.9757
698100 -6407.9623
698200 -6471.4986
698300 -6579.4274
698400 -6627.5038
698500 -6555.1803
698600 -6435.7548
698700 -6418.1039
698800 -6525.586
698900 -6621.0694
699000 -6600.0106
699100 -6496.5734
699200 -6414.7081
699300 -6426.6984
699400 -6522.3333
699500 -6615.3464
699600 -6607.8384
699700 -6495.8707
699800 -6408.481
699900 -6459.0778
700000 -6581.0435
700100 -6626.6498
700200 -6555.9837
700300 -6449.6927
700400 -6407.1264
700500 -6464.8129
700600 -6572.8674
700700 -6627.9753
700800 -6563.1175
700900 -6442.0158
701000 -6414.4736
701100 -6516.9039
701200 -6617.8973
701300 -6605.0223
701400 -6504.0177
701500 -6417.6767
701600 -6422.674
701700 -6514.7562
701800 -6611.4192
701900 -6612.3827
702000 -6504.5075
702100 -6410.458
702200 -6451.7476
702300 -6573.9038
702400 -6627.6156
702500 -6563.0922
702600 -6455.7239
702700 -6406.778
702800 -6458.3778
702900 -6566.0563
703000 -6627.8489
703100 -6570.7564
703200 -6448.751
703300 -6411.5105
703400 -6508.2012
703500 -6614.1483
703600 -6609.6063
703700 -6511.5411
703800 -6421.0906
703900 -6419.0748
704000 -6507.2094
704100 -6607.0255
704200 -6616.3727
704300 -6513.2023
704400 -6413.1307
704500 -6444.8246
704600 -6566.405
704700 -6627.9943
704800 -6569.9996
704900 -6462.0441
705000 -6406.9185
705001 -6408.6723
