0 0
1 0
1 0
100001 0
100001 0
200001 0
200001 0
205001 0
205001 -5171.9897
205100 -5260.2623
205200 -5570.6104
205300 -5808.7433
205400 -5798.546
205500 -5591.822
205600 -5342.6218
205700 -5188.9104
205800 -5202.1664
205900 -5376.5562
206000 -5629.4321
206100 -5815.7351
206200 -5787.546
206300 -5521.2986
206400 -5227.91
206500 -5208.3248
206600 -5484.2987
206700 -5768.1575
206800 -5825.22
206900 -5656.2716
207000 -5402.8201
207100 -5214.3577
207200 -5181.6121
207300 -5319.0203
207400 -5563.466
207500 -5782.9057
207600 -5820.5234
207700 -5605.7869
207800 -5287.9252
207900 -5178.3774
208000 -5398.0079
208100 -5710.7821
208200 -5835.8802
208300 -5715.0252
208400 -5467.7542
208500 -5250.7389
208600 -5172.9692
208700 -5269.1043
208800 -5495.9922
208900 -5737.3734
209000 -5835.1634
209100 -5682.1432
209200 -5363.1629
209300 -5173.0495
209400 -5318.1394
209500 -5639.2716
209600 -5828.9404
209700 -5765.0947
209800 -5535.0262
209900 -5296.9356
210000 -5176.4913
210100 -5228.4262
210200 -5429.7633
210300 -5681.9214
210400 -5831.7777
210500 -5745.8815
210600 -5447.535
210700 -5192.8134
210800 -5251.0115
210900 -5557.591
211000 -5803.6668
211100 -5803.6032
211200 -5601.9766
211300 -5351.4769
211400 -5192.0753
211500 -5198.2535
211600 -5367.2937
211700 -5619.5087
211800 -5811.6189
211900 -5793.7873
212000 -5534.5985
212100 -5235.9236
212200 -5202.2038
212300 -5470.8802
212400 -5760.3815
212500 -5827.9475
212600 -5665.7456
212700 -5412.5471
212800 -5219.2612
212900 -5179.4989
213000 -5310.8098
213100 -5553.1243
213200 -5776.6684
213300 -5823.97
213400 -5618.1752
213500 -5298.6408
213600 -5175.9201
213700 -5385.1549
213800 -5700.628
213900 -5835.9875
214000 -5723.358
214100 -5478.0036
214200 -5257.2323
214300 -5172.7178
214400 -5262.2169
214500 -5485.668
214600 -5729.4245
214700 -5835.7938
214800 -5692.854
214900 -5375.6945
215000 -5174.4734
215100 -5306.8441
215200 -5627.2651
215300 -5826.2539
215400 -5771.8332
215500 -5545.4049
215600 -5304.8158
215700 -5178.1091
215800 -5223.0795
215900 -5419.86
216000 -5672.7081
216100 -5829.7284
216200 -5754.3351
216300 -5460.8993
216400 -5197.9922
216500 -5242.196
216600 -5544.4511
216700 -5798.1627
216800 -5808.3251
216900 -5612.0563
217000 -5360.4868
217100 -5195.5148
217200 -5194.6111
217300 -5358.1732
217400 -5609.4917
217500 -5807.1525
217600 -5799.6077
217700 -5547.8147
217800 -5244.4033
217900 -5196.6184
218000 -5457.4841
218100 -5752.2141
218200 -5830.2888
218300 -5675.0743
218400 -5422.3783
218500 -5224.4201
218600 -5177.6692
218700 -5302.7864
218800 -5542.7576
218900 -5770.1401
219000 -5826.9809
219100 -5630.3512
219200 -5309.6967
219300 -5174.0535
219400 -5372.4773
219500 -5690.15
219600 -5835.6734
219700 -5731.4747
219800 -5488.2993
219900 -5263.9534
220000 -5172.7546
220100 -5255.5534
220200 -5475.3832
220300 -5721.2516
220400 -5836
220500 -5703.2505
220600 -5388.4191
220700 -5176.4912
220800 -5295.8731
220900 -5615.0332
221000 -5823.1318
221100 -5778.2881
221200 -5555.7662
221300 -5312.8876
221400 -5180.0113
221500 -5217.9855
221600 -5410.0546
221700 -5663.3413
221800 -5827.2879
221900 -5762.4034
222000 -5474.3033
222100 -5203.7154
222200 -5233.8337
222300 -5531.2116
222400 -5792.2344
222500 -5812.703
222600 -5622.0504
222700 -5369.6443
222800 -5199.2265
222900 -5191.2414
223000 -5349.2021
223100 -5599.3919
223200 -5802.3442
223300 -5805.0031
223400 -5560.9257
223500 -5253.3316
223600 -5191.5803
223700 -5444.1337
223800 -5743.6635
223900 -5832.2372
224000 -5684.2467
224100 -5432.3052
224200 -5229.8306
224300 -5176.1241
224400 -5294.9561
224500 -5532.3761
224600 -5763.3309
224700 -5829.5563
224800 -5642.2974
224900 -5321.0712
225000 -5172.7816
225100 -5359.9986
225200 -5679.3613
225300 -5834.9342
225400 -5739.3648
225500 -5498.632
225600 -5270.8972
225700 -5173.0795
225800 -5249.1188
225900 -5465.1473
226000 -5712.8654
226100 -5835.7858
226200 -5713.3199
226300 -5401.3131
226400 -5179.0986
226500 -5285.2477
226600 -5602.5936
226700 -5819.5742
226800 -5784.4497
226900 -5566.0999
227000 -5321.1447
227100 -5182.1966
227200 -5213.1477
227300 -5400.3555
227400 -5653.8319
227500 -5824.4629
227600 -5770.0783
227700 -5487.7239
227800 -5209.9711
227900 -5225.9416
228000 -5517.8937
228100 -5785.8864
228200 -5816.7284
228300 -5631.9482
228400 -5378.9418
228500 -5203.2078
228600 -5188.1471
228700 -5340.3876
228800 -5589.2199
228900 -5797.2028
229000 -5809.9699
229100 -5573.9111
229200 -5262.6905
229300 -5187.0999
229400 -5430.8522
229500 -5734.7389
229600 -5833.7866
229700 -5693.2518
229800 -5442.3192
229900 -5235.4889
230000 -5174.8649
230100 -5287.3251
230200 -5521.99
230300 -5756.2507
230400 -5831.6969
230500 -5653.9968
230600 -5332.7424
230700 -5172.1072
230800 -5347.7423
230900 -5668.2757
231000 -5833.7668
231100 -5747.0176
231200 -5508.9921
231300 -5278.0585
231400 -5173.6922
231500 -5242.9179
231600 -5454.9693
231700 -5704.2767
231800 -5835.1555
231900 -5723.05
232000 -5414.3529
232100 -5182.29
232200 -5274.9892
232300 -5589.9647
232400 -5815.5815
232500 -5790.3081
232600 -5576.3957
232700 -5329.5808
232800 -5184.6634
232900 -5208.5697
233000 -5390.7709
233100 -5644.1909
233200 -5821.2603
233300 -5777.3523
233400 -5501.1381
233500 -5216.7461
233600 -5218.536
233700 -5504.5191
233800 -5779.1236
233900 -5820.3934
234000 -5641.7388
234100 -5388.3716
234200 -5207.456
234300 -5185.3301
234400 -5331.7369
234500 -5578.9863
234600 -5791.7373
234700 -5814.5055
234800 -5586.7505
234900 -5272.4611
235000 -5183.1867
235100 -5417.6633
235200 -5725.45
235300 -5834.9312
235400 -5702.0789
235500 -5452.4115
235600 -5241.3908
235700 -5173.8922
235800 -5279.8991
235900 -5511.6093
236000 -5748.9098
236100 -5833.4042
236200 -5665.4334
236300 -5344.6877
236400 -5172.0316
236500 -5335.7314
236600 -5656.9079
236700 -5832.1685
236800 -5754.4227
236900 -5519.3699
237000 -5285.4318
237100 -5174.5924
237200 -5236.9552
237300 -5444.8586
237400 -5695.4963
237500 -5834.1138
237600 -5732.4291
237700 -5427.5148
237800 -5186.0587
237900 -5265.1177
238000 -5577.1652
238100 -5811.1551
238200 -5795.8539
238300 -5586.6431
238400 -5338.1892
238500 -5187.41
238600 -5204.2547
238700 -5381.3089
238800 -5634.4291
238900 -5817.6875
239000 -5784.2189
239100 -5514.5235
239200 -5224.0265
239300 -5211.6321
239400 -5491.11
239500 -5771.9517
239600 -5823.6901
239700 -5651.4113
239800 -5397.9261
239900 -5211.968
240000 -5182.7925
240100 -5323.2567
240200 -5568.7017
240300 -5785.9568
240400 -5818.6077
240500 -5599.4243
240600 -5282.6239
240700 -5179.849
240800 -5404.5905
240900 -5715.8075
241000 -5835.6658
241100 -5710.717
241200 -5462.5734
241300 -5247.532
241400 -5173.2069
241500 -5272.6838
241600 -5501.2438
241700 -5741.3186
241800 -5834.6801
241900 -5676.5916
242000 -5356.8842
242100 -5172.555
242200 -5323.989
242300 -5645.2733
242400 -5830.1374
242500 -5761.5696
242600 -5529.7556
242700 -5293.0116
242800 -5175.7794
242900 -5231.2351
243000 -5434.824
243100 -5686.535
243200 -5832.666
243300 -5741.4466
243400 -5440.7751
243500 -5190.3968
243600 -5255.6531
243700 -5564.2148
243800 -5806.2968
243900 -5801.078
244000 -5596.8317
244100 -5346.963
244200 -5190.4346
244300 -5200.2057
244400 -5371.9773
244500 -5624.5573
244600 -5813.7522
244700 -5790.6721
244800 -5527.8578
244900 -5231.7974
245000 -5205.2441
245100 -5477.6889
245200 -5764.3773
245300 -5826.6111
245400 -5660.9549
245500 -5407.597
245600 -5216.7405
245700 -5180.536
245800 -5314.9537
245900 -5558.3766
246000 -5779.8709
246100 -5822.2753
246200 -5611.9134
246300 -5293.1587
246400 -5177.0937
246500 -5391.6575
246600 -5705.8226
246700 -5835.9854
246800 -5719.1553
246900 -5472.7955
247000 -5253.9081
247100 -5172.8094
247200 -5265.6847
247300 -5490.9033
247400 -5733.4873
247500 -5835.5271
247600 -5687.4566
247700 -5369.309
247800 -5173.6763
247900 -5312.5375
248000 -5633.3878
248100 -5827.6717
248200 -5768.4482
248300 -5540.1391
248400 -5300.7922
248500 -5177.2524
248600 -5225.7617
248700 -5424.8743
248800 -5677.4038
248900 -5830.8177
249000 -5750.0924
249100 -5454.1104
249200 -5195.2951
249300 -5246.6144
249400 -5551.1335
249500 -5801.0093
249600 -5805.9712
249700 -5606.9508
249800 -5355.8953
249900 -5193.735
250000 -5196.4257
250100 -5362.7838
250200 -5614.5865
250300 -5809.4625
250400 -5796.7067
250500 -5541.1191
250600 -5240.0426
250700 -5199.3854
250800 -5464.2785
250900 -5756.4075
251000 -5829.1493
251100 -5670.3587
251200 -5417.3764
251300 -5221.7702
251400 -5178.5623
251500 -5306.8346
251600 -5548.0213
251700 -5773.489
251800 -5825.5073
251900 -5624.1994
252000 -5304.0445
252100 -5174.9267
252200 -5378.8879
252300 -5695.5074
252400 -5835.8857
252500 -5727.383
252600 -5483.0689
252700 -5260.5142
252800 -5172.6999
252900 -5258.9069
253000 -5480.5973
253100 -5725.4268
253200 -5835.9481
253300 -5698.0143
253400 -5381.9386
253500 -5175.3932
253600 -5301.3991
253700 -5621.2681
253800 -5824.7708
253900 -5775.0482
254000 -5550.5105
254100 -5308.7675
254200 -5179.0104
254300 -5220.5389
254400 -5415.0182
254500 -5668.1136
254600 -5828.575
254700 -5758.3573
254800 -5467.4971
254900 -5200.7435
255000 -5238.0199
255100 -5537.9419
255200 -5795.2958
255300 -5810.5247
255400 -5616.9897
255500 -5364.9788
255600 -5197.3089
255700 -5192.9173
255800 -5353.7359
255900 -5604.5274
256000 -5804.8266
256100 -5802.3182
256200 -5554.2862
256300 -5248.7454
256400 -5194.0681
256500 -5450.902
256600 -5748.0503
256700 -5831.2978
256800 -5679.6118
256900 -5427.2557
257000 -5227.0535
257100 -5176.8726
257200 -5298.9055
257300 -5537.646
257400 -5766.8212
257500 -5828.3036
257600 -5636.2643
257700 -5315.2601
257800 -5173.3526
257900 -5366.3053
258000 -5684.8746
258100 -5835.3627
258200 -5735.3895
258300 -5493.384
258400 -5267.3457
258500 -5172.8786
258600 -5252.3555
258700 -5470.3354
258800 -5717.1475
258900 -5835.9468
259000 -5708.2513
259100 -5394.7496
259200 -5177.7019
259300 -5290.5957
259400 -5608.9317
259500 -5821.4341
259600 -5781.3599
259700 -5560.8595
259800 -5316.9314
259900 -5181.0522
260000 -5215.5707
260100 -5405.2641
260200 -5658.6752
260300 -5825.9442
260400 -5766.2328
260500 -5480.9121
260600 -5206.7305
260700 -5229.8871
260800 -5524.6611
260900 -5789.1602
261000 -5814.73
261100 -5626.9377
261200 -5374.2062
261300 -5201.1537
261400 -5189.6829
261500 -5344.8411
261600 -5594.3906
261700 -5799.8532
261800 -5807.5029
261900 -5567.3379
262000 -5257.8881
262100 -5189.3034
262200 -5437.5826
262300 -5739.3144
262400 -5833.0505
262500 -5688.7032
262600 -5437.2266
262700 -5232.5865
262800 -5175.4682
262900 -5291.1726
263000 -5527.261
263100 -5759.8772
263200 -5830.6648
263300 -5648.0911
263400 -5326.7835
263500 -5172.3747
263600 -5353.9333
263700 -5673.9379
263800 -5834.4129
263900 -5743.1641
264000 -5503.7314
264100 -5274.3972
264200 -5173.3453
264300 -5246.0354
264400 -5460.1269
264500 -5708.6602
264600 -5835.5271
264700 -5718.155
264800 -5407.7183
264900 -5180.5977
265000 -5280.1484
265100 -5596.3965
265200 -5817.6621
265300 -5787.3733
265400 -5571.1759
265500 -5325.2775
265600 -5183.3764
265700 -5210.8604
265800 -5395.6204
265900 -5649.0996
266000 -5822.9323
266100 -5773.7112
266200 -5494.3324
266300 -5213.2436
266400 -5222.2327
266500 -5511.3125
266600 -5782.6073
266700 -5818.5789
266800 -5636.784
266900 -5383.5698
267000 -5205.2668
267100 -5186.7249
267200 -5336.1063
267300 -5584.187
267400 -5794.551
267500 -5812.2577
267600 -5580.2538
267700 -5267.4522
267800 -5185.1013
267900 -5424.3438
268000 -5730.2091
268100 -5834.4013
268200 -5697.622
268300 -5447.2803
268400 -5238.3653
268500 -5174.35
268600 -5283.6419
268700 -5516.8764
268800 -5752.6674
268900 -5832.5918
269000 -5659.6631
269100 -5338.5925
269200 -5171.9951
269300 -5341.795
269400 -5662.7115
269500 -5833.0336
269600 -5750.6962
269700 -5514.1015
269800 -5281.6636
269900 -5174.0996
270000 -5239.9513
270100 -5449.981
270200 -5699.9757
270300 -5834.6936
270400 -5727.7136
270500 -5420.8212
270600 -5184.0743
270700 -5270.0779
270800 -5583.6812
270900 -5813.4556
271000 -5793.079
271100 -5581.4492
271200 -5333.7992
271300 -5185.9812
271400 -5206.4115
271500 -5386.0952
271600 -5639.3977
271700 -5819.5465
271800 -5780.7854
271900 -5507.7353
272000 -5220.2694
272100 -5215.0723
272200 -5497.9182
272300 -5775.6422
272400 -5822.0635
272500 -5646.5178
272600 -5393.062
272700 -5209.6453
272800 -5184.0453
272900 -5327.5387
273000 -5573.927
273100 -5788.9292
273200 -5816.5801
273300 -5593.0141
273400 -5277.4184
273500 -5181.4705
273600 -5411.2091
273700 -5720.7447
273800 -5835.3446
273900 -5706.3574
274000 -5457.408
274100 -5244.3856
274200 -5173.5188
274300 -5276.319
274400 -5506.5019
274500 -5745.2019
274600 -5834.0864
274700 -5670.9644
274800 -5350.6644
274900 -5172.2145
275000 -5329.9134
275100 -5651.2103
275200 -5831.2224
275300 -5757.9754
275400 -5524.4844
275500 -5289.1393
275600 -5175.1412
275700 -5234.1075
275800 -5439.9066
275900 -5691.1049
276000 -5833.4512
276100 -5736.9159
276200 -5434.0345
276300 -5188.1245
276400 -5260.4044
276500 -5570.8049
276600 -5808.8163
276700 -5798.4675
276800 -5591.6689
276900 -5342.49
277000 -5188.865
277100 -5202.2272
277200 -5376.6964
277300 -5629.5804
277400 -5815.7942
277500 -5787.449
277600 -5521.0982
277700 -5227.7933
277800 -5208.4207
277900 -5484.5003
278000 -5768.2713
278100 -5825.1761
278200 -5656.1282
278300 -5402.6749
278400 -5214.286
278500 -5181.646
278600 -5319.145
278700 -5563.6211
278800 -5782.9971
278900 -5820.4683
279000 -5605.5993
279100 -5287.767
279200 -5178.4188
279300 -5398.2022
279400 -5710.9321
279500 -5835.8754
279600 -5714.8984
279700 -5467.6007
279800 -5250.6431
279900 -5172.9752
280000 -5269.2095
280100 -5496.1475
280200 -5737.4911
280300 -5835.1507
280400 -5681.98
280500 -5362.9762
280600 -5173.0326
280700 -5318.3115
280800 -5639.4501
280900 -5828.9774
281000 -5764.9914
281100 -5534.8703
281200 -5296.8188
281300 -5176.4692
281400 -5228.5084
281500 -5429.9127
281600 -5682.0586
281700 -5831.8054
281800 -5745.7516
281900 -5447.3347
282000 -5192.7398
282100 -5251.1472
282200 -5557.7875
282300 -5803.7463
282400 -5803.5297
282500 -5601.8246
282600 -5351.3427
282700 -5192.0257
282800 -5198.3103
282900 -5367.4318
283000 -5619.6585
283100 -5811.6834
283200 -5793.6967
283300 -5534.3993
283400 -5235.7998
283500 -5202.2918
283600 -5471.0817
283700 -5760.5012
283800 -5827.9094
283900 -5665.6044
284000 -5412.4002
284100 -5219.1857
284200 -5179.5286
284300 -5310.9318
284400 -5553.2798
284500 -5776.7642
284600 -5823.9214
284700 -5617.9906
284800 -5298.4773
284900 -5175.9526
285000 -5385.3467
285100 -5700.7829
285200 -5835.989
285300 -5723.2344
285400 -5477.8492
285500 -5257.1331
285600 -5172.7195
285700 -5262.3187
285800 -5485.8228
285900 -5729.5456
286000 -5835.7875
286100 -5692.6954
286200 -5375.5048
286300 -5174.4476
286400 -5307.0115
286500 -5627.4472
286600 -5826.2975
286700 -5771.7341
286800 -5545.2491
286900 -5304.696
287000 -5178.0827
287100 -5223.158
287200 -5420.0081
287300 -5672.8477
287400 -5829.7621
287500 -5754.2109
287600 -5460.6982
287700 -5197.9104
287800 -5242.3251
287900 -5544.6493
288000 -5798.2485
288100 -5808.2567
288200 -5611.9055
288300 -5360.3504
288400 -5195.4611
288500 -5194.6638
288600 -5358.3091
288700 -5609.6429
288800 -5807.2221
288900 -5799.5235
289000 -5547.6169
289100 -5244.2725
289200 -5196.6983
289300 -5457.6851
289400 -5752.3396
289500 -5830.2565
289600 -5674.9353
289700 -5422.2299
289800 -5224.3407
289900 -5177.6946
290000 -5302.9055
290100 -5542.9134
290200 -5770.2403
290300 -5826.9389
290400 -5630.1699
290500 -5309.5282
290600 -5174.0771
290700 -5372.6663
290800 -5690.3097
290900 -5835.6812
291000 -5731.3545
291100 -5488.1443
291200 -5263.8508
291300 -5172.7519
291400 -5255.6518
291500 -5475.5374
291600 -5721.376
291700 -5836
291800 -5703.0967
291900 -5388.2267
292000 -5176.4565
292100 -5296.0354
292200 -5615.2186
292300 -5823.182
292400 -5778.1933
292500 -5555.6107
292600 -5312.7649
292700 -5179.9806
292800 -5218.0601
292900 -5410.2012
293000 -5663.4831
293100 -5827.3274
293200 -5762.2851
293300 -5474.1018
293400 -5203.6255
293500 -5233.9558
293600 -5531.4111
293700 -5792.3266
293800 -5812.6398
293900 -5621.901
294000 -5369.5057
294100 -5199.1687
294200 -5191.29
294300 -5349.3357
294400 -5599.5442
294500 -5802.4189
294600 -5804.9252
294700 -5560.7297
294800 -5253.1942
294900 -5191.6518
295000 -5444.3338
295100 -5743.7947
295200 -5832.2109
295300 -5684.1101
295400 -5432.1554
295500 -5229.7475
295600 -5176.1452
295700 -5295.0723
295800 -5532.5321
295900 -5763.4352
296000 -5829.5208
296100 -5642.1197
296200 -5320.8981
296300 -5172.7963
296400 -5360.1845
296500 -5679.5255
296600 -5834.9485
296700 -5739.248
296800 -5498.4766
296900 -5270.7913
297000 -5173.0725
297100 -5249.2138
297200 -5465.3006
297300 -5712.9929
297400 -5835.7921
297500 -5713.1712
297600 -5401.1183
297700 -5179.0551
297800 -5285.4047
297900 -5602.782
298000 -5819.6308
298100 -5784.3593
298200 -5565.9449
298300 -5321.0193
298400 -5182.1616
298500 -5213.2185
298600 -5400.5004
298700 -5653.9758
298800 -5824.5081
298900 -5769.9659
299000 -5487.5223
299100 -5209.8732
299200 -5226.0566
299300 -5518.0942
299400 -5785.9848
299500 -5816.6706
299600 -5631.8003
299700 -5378.8011
299800 -5203.1461
299900 -5188.1915
300000 -5340.5188
300100 -5589.3731
300200 -5797.2824
300300 -5809.8985
300400 -5573.717
300500 -5262.5468
300600 -5187.163
300700 -5431.0511
300800 -5734.8757
300900 -5833.7663
301000 -5693.1178
301100 -5442.1682
301200 -5235.4021
301300 -5174.8817
301400 -5287.4382
301500 -5522.146
301600 -5756.359
301700 -5831.668
301800 -5653.823
301900 -5332.565
302000 -5172.1129
302100 -5347.9246
302200 -5668.4443
302300 -5833.7875
302400 -5746.9045
302500 -5508.8363
302600 -5277.9493
302700 -5173.6809
302800 -5243.0093
302900 -5455.1218
303000 -5704.4071
303100 -5835.168
303200 -5722.9064
303300 -5414.1561
303400 -5182.2377
303500 -5275.1404
303600 -5590.1557
303700 -5815.6447
303800 -5790.2224
303900 -5576.2414
304000 -5329.4528
304100 -5184.6242
304200 -5208.6365
304300 -5390.914
304400 -5644.3366
304500 -5821.3111
304600 -5777.2461
304700 -5500.9368
304800 -5216.6406
304900 -5218.6436
305000 -5504.7203
305100 -5779.2282
305200 -5820.3411
305300 -5641.5926
305400 -5388.229
305500 -5207.3902
305600 -5185.3703
305700 -5331.8656
305800 -5579.1404
305900 -5791.8217
306000 -5814.4406
306100 -5586.5588
306200 -5272.3114
306300 -5183.2412
306400 -5417.8606
306500 -5725.5922
306600 -5834.9171
306700 -5701.9477
306800 -5452.2594
306900 -5241.3003
307000 -5173.9047
307100 -5280.0091
307200 -5511.7652
307300 -5749.022
307400 -5833.3818
307500 -5665.2637
307600 -5344.5063
307700 -5172.0283
307800 -5335.9099
307900 -5657.0807
308000 -5832.1957
308100 -5754.3133
308200 -5519.2139
308300 -5285.3195
308400 -5174.5767
308500 -5237.043
308600 -5445.0099
308700 -5695.6295
308800 -5834.1325
308900 -5732.2909
309000 -5427.3163
309100 -5185.9978
309200 -5265.263
309300 -5577.3587
309400 -5811.2248
309500 -5795.773
309600 -5586.4896
309700 -5338.0586
309800 -5187.3667
309900 -5204.3175
310000 -5381.4501
310100 -5634.5765
310200 -5817.7438
310300 -5784.1188
310400 -5514.3228
310500 -5223.9135
310600 -5211.732
310700 -5491.3116
310800 -5772.0625
310900 -5823.6434
311000 -5651.267
311100 -5397.7817
311200 -5211.8982
311300 -5182.8285
311400 -5323.3828
311500 -5568.8565
311600 -5786.0459
311700 -5818.5493
311800 -5599.2352
311900 -5282.4685
312000 -5179.8948
312100 -5404.7859
312200 -5715.9549
312300 -5835.6578
312400 -5710.5887
312500 -5462.4202
312600 -5247.438
312700 -5173.2151
312800 -5272.7906
312900 -5501.3994
313000 -5741.4344
313100 -5834.6642
313200 -5676.4261
313300 -5356.6993
313400 -5172.5427
313500 -5324.1633
313600 -5645.4499
313700 -5830.1711
313800 -5761.4642
313900 -5529.5996
314000 -5292.8963
314100 -5175.7595
314200 -5231.3192
314300 -5434.9741
314400 -5686.6709
314500 -5832.6907
314600 -5741.3138
314700 -5440.5753
314800 -5190.3274
314900 -5255.7922
315000 -5564.4104
315100 -5806.373
315200 -5801.0019
315300 -5596.6791
315400 -5346.83
315500 -5190.3871
315600 -5200.2646
315700 -5372.1164
315800 -5624.7064
315900 -5813.814
316000 -5790.5783
316100 -5527.658
316200 -5231.6771
316300 -5205.3362
316400 -5477.8905
316500 -5764.494
316600 -5826.57
316700 -5660.8126
316800 -5407.4509
316900 -5216.6669
317000 -5180.5678
317100 -5315.0771
317200 -5558.5319
317300 -5779.9645
317400 -5822.2234
317500 -5611.7272
317600 -5292.9978
317700 -5177.1307
317800 -5391.8506
317900 -5705.975
318000 -5835.9837
318100 -5719.0301
318200 -5472.6416
318300 -5253.8106
318400 -5172.8132
318500 -5265.7882
318600 -5491.0584
318700 -5733.6067
318800 -5835.5175
318900 -5687.2956
319000 -5369.1208
319100 -5173.6551
319200 -5312.7072
319300 -5633.5681
319400 -5827.712
319500 -5768.3469
319600 -5539.9832
319700 -5300.6739
319800 -5177.2282
319900 -5225.842
320000 -5425.0231
320100 -5677.5422
320200 -5830.8484
320300 -5749.9653
320400 -5453.9096
320500 -5195.2175
320600 -5246.7469
320700 -5551.3309
320800 -5801.0919
320900 -5805.9001
321000 -5606.7993
321100 -5355.76
321200 -5193.6834
321300 -5196.4805
321400 -5362.9208
321500 -5614.737
321600 -5809.5295
321700 -5796.6192
321800 -5540.9206
321900 -5239.9153
322000 -5199.4694
322100 -5464.4798
322200 -5756.5301
322300 -5829.114
322400 -5670.2186
322500 -5417.2287
322600 -5221.6928
322700 -5178.5898
322800 -5306.9552
322900 -5548.177
323000 -5773.587
323100 -5825.4619
323200 -5624.0164
323300 -5303.8785
323400 -5174.9549
323500 -5379.0784
323600 -5695.6647
323700 -5835.8903
323800 -5727.2611
323900 -5482.9142
324000 -5260.4133
324100 -5172.6994
324200 -5259.007
324300 -5480.7518
324400 -5725.5495
324500 -5835.9449
324600 -5697.858
324700 -5381.7475
324800 -5175.363
324900 -5301.564
325000 -5621.4518
325100 -5824.8176
325200 -5774.9512
325300 -5550.3549
325400 -5308.6463
325500 -5178.9819
325600 -5220.6155
325700 -5415.1655
325800 -5668.2542
325900 -5828.6115
326000 -5758.236
326100 -5467.2958
326200 -5200.6577
326300 -5238.1456
326400 -5538.1408
326500 -5795.3848
326600 -5810.4588
326700 -5616.8395
326800 -5364.8413
326900 -5197.2532
327000 -5192.968
327100 -5353.8707
327200 -5604.6791
327300 -5804.8988
327400 -5802.2371
327500 -5554.0892
327600 -5248.6114
327700 -5194.1439
327800 -5451.1026
327900 -5748.1787
328000 -5831.2685
328100 -5679.474
328200 -5427.1066
328300 -5226.9723
328400 -5176.8959
328500 -5299.0232
328600 -5537.802
328700 -5766.9234
328800 -5828.2648
328900 -5636.0848
329000 -5315.0893
329100 -5173.3718
329200 -5366.4928
329300 -5685.0366
329400 -5835.3737
329500 -5735.2709
329600 -5493.2288
329700 -5267.2414
329800 -5172.8738
329900 -5252.4522
330000 -5470.4892
330100 -5717.2734
330200 -5835.9499
330300 -5708.0999
330400 -5394.5559
330500 -5177.6629
330600 -5290.7554
330700 -5609.1185
330800 -5821.4875
330900 -5781.2673
331000 -5560.7043
331100 -5316.8074
331200 -5181.0195
331300 -5215.6434
331400 -5405.4099
331500 -5658.818
331600 -5825.9866
331700 -5766.1175
331800 -5480.7105
331900 -5206.6366
332000 -5230.0058
332100 -5524.8611
332200 -5789.2555
332300 -5814.6695
332400 -5626.789
332500 -5374.0665
332600 -5201.094
332700 -5189.7295
332800 -5344.9735
332900 -5594.5434
333000 -5799.9303
333100 -5807.4282
333200 -5567.1428
333300 -5257.7476
333400 -5189.3708
333500 -5437.7822
333600 -5739.4484
333700 -5833.0271
333800 -5688.5679
333900 -5437.0762
334000 -5232.5016
334100 -5175.4872
334200 -5291.2873
334300 -5527.4171
334400 -5759.9835
334500 -5830.6325
334600 -5647.9153
334700 -5326.6082
334800 -5172.3849
334900 -5354.1174
335000 -5674.1044
335100 -5834.4304
335200 -5743.049
335300 -5503.5758
335400 -5274.2897
335500 -5173.3361
335600 -5246.1286
335700 -5460.2798
335800 -5708.7892
335900 -5835.5365
336000 -5718.0088
336100 -5407.5225
336200 -5180.5499
336300 -5280.3026
336400 -5596.5862
336500 -5817.722
336600 -5787.2853
336700 -5571.0212
336800 -5325.1508
336900 -5183.3394
337000 -5210.9292
337100 -5395.7644
337200 -5649.2444
337300 -5822.9804
337400 -5773.6018
337500 -5494.1309
337600 -5213.142
337700 -5222.344
337800 -5511.5134
337900 -5782.7088
338000 -5818.5238
338100 -5636.6369
338200 -5383.4282
338300 -5205.2031
338400 -5186.7673
338500 -5336.2363
338600 -5584.3407
338700 -5794.633
338800 -5812.1894
338900 -5580.0609
339000 -5267.3055
339100 -5185.1602
339200 -5424.5419
339300 -5730.3485
339400 -5834.384
339500 -5697.4893
339600 -5447.1287
339700 -5238.2767
339800 -5174.3647
339900 -5283.7535
340000 -5517.0323
340100 -5752.7776
340200 -5832.5661
340300 -5659.4912
340400 -5338.4131
340500 -5171.9963
340600 -5341.9754
340700 -5662.8822
340800 -5833.0576
340900 -5750.5849
341000 -5513.9456
341100 -5281.5529
341200 -5174.0862
341300 -5240.0409
341400 -5450.1329
341500 -5700.1076
341600 -5834.7091
341700 -5727.5726
341800 -5420.6235
341900 -5184.0178
342000 -5270.2263
342100 -5583.8734
342200 -5813.522
342300 -5792.9956
342400 -5581.2952
342500 -5333.67
342600 -5185.94
342700 -5206.4764
342800 -5386.2373
342900 -5639.5443
343000 -5819.6001
343100 -5780.6821
343200 -5507.5342
343300 -5220.1601
343400 -5215.1761
343500 -5498.1196
343600 -5775.7499
343700 -5822.0139
343800 -5646.3725
343900 -5392.9185
344000 -5209.5776
344100 -5184.0835
344200 -5327.6661
344300 -5574.0814
344400 -5789.016
344500 -5816.5183
344600 -5592.8236
344700 -5277.2658
344800 -5181.5208
344900 -5411.4055
345000 -5720.8895
345100 -5835.3334
345200 -5706.2275
345300 -5457.2554
345400 -5244.2934
345500 -5173.5292
345600 -5276.4274
345700 -5506.6576
345800 -5745.3158
345900 -5834.0671
346000 -5670.7968
346100 -5350.4812
346200 -5172.2068
346300 -5330.0899
346400 -5651.3851
346500 -5831.2528
346600 -5757.868
346700 -5524.3284
346800 -5289.0255
346900 -5175.1234
347000 -5234.1935
347100 -5440.0574
347200 -5691.2394
347300 -5833.4729
347400 -5736.7804
347500 -5433.8353
347600 -5188.0595
347700 -5260.5467
347800 -5570.9994
347900 -5808.8892
348000 -5798.389
348100 -5591.5159
348200 -5342.3582
348300 -5188.8196
348400 -5202.2881
348500 -5376.8366
348600 -5629.7287
348700 -5815.8533
348800 -5787.352
348900 -5520.8979
349000 -5227.6766
349100 -5208.5168
349200 -5484.7019
349300 -5768.385
349400 -5825.1321
349500 -5655.9848
349600 -5402.5296
349700 -5214.2144
349800 -5181.6799
349900 -5319.2698
350000 -5563.7762
350100 -5783.0885
350200 -5820.4132
350300 -5605.4116
350400 -5287.6088
350500 -5178.4603
350600 -5398.3965
350700 -5711.082
350800 -5835.8705
350900 -5714.7716
351000 -5467.4471
351100 -5250.5474
351200 -5172.9812
351300 -5269.3147
351400 -5496.3028
351500 -5737.6087
351600 -5835.1379
351700 -5681.8167
351800 -5362.7896
351900 -5173.0159
352000 -5318.4836
352100 -5639.6286
352200 -5829.0144
352300 -5764.888
352400 -5534.7143
352500 -5296.7019
352600 -5176.4471
352700 -5228.5907
352800 -5430.0622
352900 -5682.1957
353000 -5831.8331
353100 -5745.6216
353200 -5447.1344
353300 -5192.6663
353400 -5251.2831
353500 -5557.984
353600 -5803.8256
353700 -5803.4561
353800 -5601.6726
353900 -5351.2086
354000 -5191.9762
354100 -5198.3672
354200 -5367.57
354300 -5619.8083
354400 -5811.7477
354500 -5793.6059
354600 -5534.2001
354700 -5235.676
354800 -5202.3799
354900 -5471.2831
355000 -5760.6209
355100 -5827.8712
355200 -5665.4631
355300 -5412.2534
355400 -5219.1102
355500 -5179.5583
355600 -5311.0538
355700 -5553.4354
355800 -5776.86
355900 -5823.8728
356000 -5617.806
356100 -5298.3138
356200 -5175.9853
356300 -5385.5386
356400 -5700.9378
356500 -5835.9904
356600 -5723.1107
356700 -5477.6949
356800 -5257.0339
356900 -5172.7212
357000 -5262.4206
357100 -5485.9776
357200 -5729.6666
357300 -5835.781
357400 -5692.5367
357500 -5375.3151
357600 -5174.422
357700 -5307.1789
357800 -5627.6292
357900 -5826.341
358000 -5771.6348
358100 -5545.0933
358200 -5304.5762
358300 -5178.0563
358400 -5223.2365
358500 -5420.1562
358600 -5672.9872
358700 -5829.7957
358800 -5754.0867
358900 -5460.4971
359000 -5197.8286
359100 -5242.4543
359200 -5544.8475
359300 -5798.3342
359400 -5808.1882
359500 -5611.7547
359600 -5360.2139
359700 -5195.4074
359800 -5194.7165
359900 -5358.4451
360000 -5609.7939
360100 -5807.2917
360200 -5799.4391
360300 -5547.419
360400 -5244.1419
360500 -5196.7783
360600 -5457.886
360700 -5752.4651
360800 -5830.2241
360900 -5674.7962
361000 -5422.0815
361100 -5224.2614
361200 -5177.72
361300 -5303.0246
361400 -5543.0693
361500 -5770.3404
361600 -5826.8968
361700 -5629.9886
361800 -5309.3598
361900 -5174.1009
362000 -5372.8553
362100 -5690.4694
362200 -5835.689
362300 -5731.2341
362400 -5487.9894
362500 -5263.7482
362600 -5172.7493
362700 -5255.7503
362800 -5475.6915
362900 -5721.5003
363000 -5835.9999
363100 -5702.9429
363200 -5388.0343
363300 -5176.422
363400 -5296.1977
363500 -5615.4038
363600 -5823.232
363700 -5778.0984
363800 -5555.4553
363900 -5312.6423
364000 -5179.95
364100 -5218.1348
364200 -5410.3477
364300 -5663.6248
364400 -5827.3669
364500 -5762.1667
364600 -5473.9003
364700 -5203.5357
364800 -5234.0781
364900 -5531.6106
365000 -5792.4187
365100 -5812.5765
365200 -5621.7515
365300 -5369.3671
365400 -5199.111
365500 -5191.3387
365600 -5349.4694
365700 -5599.6964
365800 -5802.4935
365900 -5804.8472
366000 -5560.5336
366100 -5253.057
366200 -5191.7235
366300 -5444.5339
366400 -5743.9259
366500 -5832.1844
366600 -5683.9735
366700 -5432.0056
366800 -5229.6644
366900 -5176.1664
367000 -5295.1885
367100 -5532.6881
367200 -5763.5395
367300 -5829.4852
367400 -5641.942
367500 -5320.7251
367600 -5172.8111
367700 -5360.3704
367800 -5679.6898
367900 -5834.9626
368000 -5739.1312
368100 -5498.3211
368200 -5270.6854
368300 -5173.0655
368400 -5249.3087
368500 -5465.454
368600 -5713.1203
368700 -5835.7983
368800 -5713.0223
368900 -5400.9235
369000 -5179.0117
369100 -5285.5617
369200 -5602.9702
369300 -5819.6874
369400 -5784.2689
369500 -5565.79
369600 -5320.894
369700 -5182.1268
369800 -5213.2893
369900 -5400.6453
370000 -5654.1196
370100 -5824.5533
370200 -5769.8535
370300 -5487.3206
370400 -5209.7755
370500 -5226.1717
370600 -5518.2947
370700 -5786.0832
370800 -5816.6127
370900 -5631.6524
371000 -5378.6605
371100 -5203.0843
371200 -5188.236
371300 -5340.6501
371400 -5589.5264
371500 -5797.362
371600 -5809.827
371700 -5573.523
371800 -5262.4032
371900 -5187.2263
372000 -5431.25
372100 -5735.0124
372200 -5833.7459
372300 -5692.9838
372400 -5442.0171
372500 -5235.3153
372600 -5174.8985
372700 -5287.5514
372800 -5522.302
372900 -5756.4673
373000 -5831.6389
373100 -5653.6491
373200 -5332.3877
373300 -5172.1187
373400 -5348.107
373500 -5668.6129
373600 -5833.8081
373700 -5746.7913
373800 -5508.6806
373900 -5277.8402
374000 -5173.6696
374100 -5243.1007
374200 -5455.2742
374300 -5704.5376
374400 -5835.1804
374500 -5722.7627
374600 -5413.9593
374700 -5182.1856
374800 -5275.2918
374900 -5590.3467
375000 -5815.7078
375100 -5790.1366
375200 -5576.087
375300 -5329.3248
375400 -5184.5852
375500 -5208.7034
375600 -5391.0571
375700 -5644.4823
375800 -5821.3619
375900 -5777.1397
376000 -5500.7354
376100 -5216.5351
376200 -5218.7512
376300 -5504.9215
376400 -5779.3327
376500 -5820.2886
376600 -5641.4463
376700 -5388.0865
376800 -5207.3245
376900 -5185.4106
377000 -5331.9943
377100 -5579.2945
377200 -5791.9061
377300 -5814.3755
377400 -5586.3671
377500 -5272.1618
377600 -5183.2959
377700 -5418.0579
377800 -5725.7343
377900 -5834.9028
378000 -5701.8164
378100 -5452.1073
378200 -5241.2099
378300 -5173.9173
378400 -5280.1191
378500 -5511.921
378600 -5749.1341
378700 -5833.3593
378800 -5665.0938
378900 -5344.325
379000 -5172.0251
379100 -5336.0885
379200 -5657.2534
379300 -5832.2228
379400 -5754.2039
379500 -5519.058
379600 -5285.2072
379700 -5174.5612
379800 -5237.1308
379900 -5445.1613
380000 -5695.7627
380100 -5834.1511
380200 -5732.1525
380300 -5427.1178
380400 -5185.9371
380500 -5265.4084
380600 -5577.552
380700 -5811.2944
380800 -5795.692
380900 -5586.3361
381000 -5337.9281
381100 -5187.3235
381200 -5204.3804
381300 -5381.5913
381400 -5634.724
381500 -5817.8001
381600 -5784.0186
381700 -5514.122
381800 -5223.8006
381900 -5211.832
382000 -5491.5131
382100 -5772.1731
382200 -5823.5965
382300 -5651.1226
382400 -5397.6373
382500 -5211.8286
382600 -5182.8646
382700 -5323.5089
382800 -5569.0113
382900 -5786.135
383000 -5818.4908
383100 -5599.0461
383200 -5282.3131
383300 -5179.9408
383400 -5404.9813
383500 -5716.1022
383600 -5835.6498
383700 -5710.4603
383800 -5462.2671
383900 -5247.3441
384000 -5173.2233
384100 -5272.8975
384200 -5501.5549
384300 -5741.5502
384400 -5834.6481
384500 -5676.2606
384600 -5356.5144
384700 -5172.5306
384800 -5324.3376
384900 -5645.6265
385000 -5830.2047
385100 -5761.3588
385200 -5529.4435
385300 -5292.781
385400 -5175.7396
385500 -5231.4033
385600 -5435.1243
385700 -5686.8068
385800 -5832.7154
385900 -5741.181
386000 -5440.3755
386100 -5190.2582
386200 -5255.9313
386300 -5564.6059
386400 -5806.4491
386500 -5800.9258
386600 -5596.5266
386700 -5346.6971
386800 -5190.3397
386900 -5200.3235
387000 -5372.2556
387100 -5624.8554
387200 -5813.8757
387300 -5790.4843
387400 -5527.4581
387500 -5231.5569
387600 -5205.4284
387700 -5478.092
387800 -5764.6107
387900 -5826.5289
388000 -5660.6702
388100 -5407.3049
388200 -5216.5934
388300 -5180.5997
388400 -5315.2005
388500 -5558.6873
388600 -5780.058
388700 -5822.1714
388800 -5611.5411
388900 -5292.837
389000 -5177.1679
389100 -5392.0437
389200 -5706.1274
389300 -5835.9819
389400 -5718.9048
389500 -5472.4876
389600 -5253.7131
389700 -5172.8171
389800 -5265.8917
389900 -5491.2135
390000 -5733.726
390100 -5835.5079
390200 -5687.1346
390300 -5368.9326
390400 -5173.634
390500 -5312.877
390600 -5633.7483
390700 -5827.7522
390800 -5768.2455
390900 -5539.8273
391000 -5300.5556
391100 -5177.204
391200 -5225.9225
391300 -5425.1719
391400 -5677.6805
391500 -5830.879
391600 -5749.8382
391700 -5453.7089
391800 -5195.1399
391900 -5246.8796
392000 -5551.5282
392100 -5801.1744
392200 -5805.8291
392300 -5606.6479
392400 -5355.6247
392500 -5193.6319
392600 -5196.5353
392700 -5363.0579
392800 -5614.8874
392900 -5809.5965
393000 -5796.5316
393100 -5540.722
393200 -5239.7881
393300 -5199.5536
393400 -5464.681
393500 -5756.6527
393600 -5829.0786
393700 -5670.0784
393800 -5417.0811
393900 -5221.6154
394000 -5178.6174
394100 -5307.0758
394200 -5548.3327
394300 -5773.685
394400 -5825.4165
394500 -5623.8334
394600 -5303.7125
394700 -5174.9832
394800 -5379.2689
394900 -5695.8219
395000 -5835.8948
395100 -5727.139
395200 -5482.7596
395300 -5260.3125
395400 -5172.699
395500 -5259.1072
395600 -5480.9064
395700 -5725.6722
395800 -5835.9416
395900 -5697.7017
396000 -5381.5564
396100 -5175.333
396200 -5301.729
396300 -5621.6355
396400 -5824.8643
396500 -5774.8541
396600 -5550.1992
396700 -5308.5251
396800 -5178.9535
396900 -5220.6922
397000 -5415.3129
397100 -5668.3949
397200 -5828.648
397300 -5758.1147
397400 -5467.0944
397500 -5200.5719
397600 -5238.2715
397700 -5538.3397
397800 -5795.4736
397900 -5810.3929
398000 -5616.6894
398100 -5364.7038
398200 -5197.1976
398300 -5193.0187
398400 -5354.0056
398500 -5604.8308
398600 -5804.9709
398700 -5802.1559
398800 -5553.8922
398900 -5248.4774
399000 -5194.2199
399100 -5451.3032
399200 -5748.307
399300 -5831.239
399400 -5679.3361
399500 -5426.9576
399600 -5226.8911
399700 -5176.9192
399800 -5299.1409
399900 -5537.9579
400000 -5767.0256
400100 -5828.2259
400200 -5635.9053
400300 -5314.9185
400400 -5173.3912
400500 -5366.6804
400600 -5685.1986
400700 -5835.3846
400800 -5735.1523
400900 -5493.0736
401000 -5267.1372
401100 -5172.869
401200 -5252.549
401300 -5470.643
401400 -5717.3993
401500 -5835.9529
401600 -5707.9485
401700 -5394.3623
401800 -5177.624
401900 -5290.9152
402000 -5609.3053
402100 -5821.5407
402200 -5781.1746
402300 -5560.549
402400 -5316.6834
402500 -5180.9868
402600 -5215.7162
402700 -5405.5556
402800 -5658.9608
402900 -5826.0289
403000 -5766.002
403100 -5480.5089
403200 -5206.5429
403300 -5230.1246
403400 -5525.0612
403500 -5789.3507
403600 -5814.6088
403700 -5626.6403
403800 -5373.9269
403900 -5201.0343
404000 -5189.7761
404100 -5345.106
404200 -5594.6962
404300 -5800.0074
404400 -5807.3534
404500 -5566.9476
404600 -5257.6072
404700 -5189.4384
404800 -5437.9817
404900 -5739.5822
405000 -5833.0037
405100 -5688.4325
405200 -5436.9258
405300 -5232.4167
405400 -5175.5062
405500 -5291.402
405600 -5527.5731
405700 -5760.0898
405800 -5830.6002
405900 -5647.7394
406000 -5326.433
406100 -5172.3953
406200 -5354.3017
406300 -5674.2708
406400 -5834.4477
406500 -5742.934
406600 -5503.4202
406700 -5274.1822
406800 -5173.3271
406900 -5246.2219
407000 -5460.4327
407100 -5708.9181
407200 -5835.5457
407300 -5717.8625
407400 -5407.3266
407500 -5180.5022
407600 -5280.4569
407700 -5596.7758
407800 -5817.7818
407900 -5787.1971
408000 -5570.8665
408100 -5325.0241
408200 -5183.3024
408300 -5210.9981
408400 -5395.9085
408500 -5649.3892
408600 -5823.0283
408700 -5773.4924
408800 -5493.9294
408900 -5213.0404
409000 -5222.4555
409100 -5511.7143
409200 -5782.8102
409300 -5818.4686
409400 -5636.4898
409500 -5383.2866
409600 -5205.1394
409700 -5186.8097
409800 -5336.3663
409900 -5584.4944
410000 -5794.715
410100 -5812.1211
410200 -5579.868
410300 -5267.1589
410400 -5185.2192
410500 -5424.7401
410600 -5730.4879
410700 -5834.3666
410800 -5697.3567
410900 -5446.9772
411000 -5238.1882
411100 -5174.3794
411200 -5283.8651
411300 -5517.1882
411400 -5752.8877
411500 -5832.5402
411600 -5659.3193
411700 -5338.2337
411800 -5171.9977
411900 -5342.156
412000 -5663.0529
412100 -5833.0814
412200 -5750.4735
412300 -5513.7897
412400 -5281.4422
412500 -5174.0728
412600 -5240.1306
412700 -5450.2848
412800 -5700.2394
412900 -5834.7246
413000 -5727.4316
413100 -5420.4258
413200 -5183.9615
413300 -5270.3748
413400 -5584.0656
413500 -5813.5883
413600 -5792.9122
413700 -5581.1413
413800 -5333.5407
413900 -5185.8989
414000 -5206.5413
414100 -5386.3795
414200 -5639.6909
414300 -5819.6536
414400 -5780.5788
414500 -5507.3331
414600 -5220.051
414700 -5215.28
414800 -5498.321
414900 -5775.8574
415000 -5821.9642
415100 -5646.2271
415200 -5392.775
415300 -5209.5099
415400 -5184.1217
415500 -5327.7936
415600 -5574.2359
415700 -5789.1027
415800 -5816.4565
415900 -5592.6332
416000 -5277.1133
416100 -5181.5712
416200 -5411.6019
416300 -5721.0341
416400 -5835.3222
416500 -5706.0977
416600 -5457.1028
416700 -5244.2013
416800 -5173.5396
416900 -5276.5359
417000 -5506.8133
417100 -5745.4298
417200 -5834.0478
417300 -5670.629
417400 -5350.2981
417500 -5172.1992
417600 -5330.2664
417700 -5651.5597
417800 -5831.2831
417900 -5757.7605
418000 -5524.1724
418100 -5288.9117
418200 -5175.1057
418300 -5234.2795
418400 -5440.2081
418500 -5691.374
418600 -5833.4944
418700 -5736.6448
418800 -5433.6362
418900 -5187.9946
419000 -5260.6891
419100 -5571.1939
419200 -5808.9619
419300 -5798.3103
419400 -5591.3628
419500 -5342.2265
419600 -5188.7743
419700 -5202.349
419800 -5376.9768
419900 -5629.8769
420000 -5815.9122
420100 -5787.2549
420200 -5520.6976
420300 -5227.5601
420400 -5208.613
420500 -5484.9036
420600 -5768.4986
420700 -5825.0881
420800 -5655.8414
420900 -5402.3844
421000 -5214.1428
421100 -5181.7139
421200 -5319.3946
421300 -5563.9313
421400 -5783.1798
421500 -5820.3579
421600 -5605.2239
421700 -5287.4507
421800 -5178.502
421900 -5398.5908
422000 -5711.2318
422100 -5835.8655
422200 -5714.6447
422300 -5467.2936
422400 -5250.4517
422500 -5172.9873
422600 -5269.4199
422700 -5496.4582
422800 -5737.7262
422900 -5835.1249
423000 -5681.6534
423100 -5362.6031
423200 -5172.9994
423300 -5318.6557
423400 -5639.807
423500 -5829.0512
423600 -5764.7846
423700 -5534.5583
423800 -5296.5851
423900 -5176.4251
424000 -5228.673
424100 -5430.2117
424200 -5682.3328
424300 -5831.8607
424400 -5745.4916
424500 -5446.9341
424600 -5192.593
424700 -5251.4191
424800 -5558.1805
424900 -5803.9048
425000 -5803.3825
425100 -5601.5205
425200 -5351.0745
425300 -5191.9267
425400 -5198.4241
425500 -5367.7081
425600 -5619.958
425700 -5811.812
425800 -5793.5151
425900 -5534.0008
426000 -5235.5524
426100 -5202.4682
426200 -5471.4846
426300 -5760.7404
426400 -5827.8329
426500 -5665.3217
426600 -5412.1065
426700 -5219.0347
426800 -5179.588
426900 -5311.1758
427000 -5553.5909
427100 -5776.9558
427200 -5823.824
427300 -5617.6213
427400 -5298.1504
427500 -5176.0181
427600 -5385.7305
427700 -5701.0926
427800 -5835.9917
427900 -5722.987
428000 -5477.5406
428100 -5256.9348
428200 -5172.723
428300 -5262.5225
428400 -5486.1325
428500 -5729.7876
428600 -5835.7745
428700 -5692.378
428800 -5375.1255
428900 -5174.3965
429000 -5307.3463
429100 -5627.8111
429200 -5826.3843
429300 -5771.5356
429400 -5544.9375
429500 -5304.4565
429600 -5178.0301
429700 -5223.315
429800 -5420.3043
429900 -5673.1267
430000 -5829.8292
430100 -5753.9624
430200 -5460.296
430300 -5197.747
430400 -5242.5836
430500 -5545.0456
430600 -5798.4199
430700 -5808.1197
430800 -5611.6038
430900 -5360.0776
431000 -5195.3539
431100 -5194.7693
431200 -5358.5811
431300 -5609.945
431400 -5807.3612
431500 -5799.3546
431600 -5547.2212
431700 -5244.0113
431800 -5196.8584
431900 -5458.087
432000 -5752.5904
432100 -5830.1917
432200 -5674.6572
432300 -5421.9331
432400 -5224.1822
432500 -5177.7455
432600 -5303.1438
432700 -5543.2251
432800 -5770.4405
432900 -5826.8546
433000 -5629.8073
433100 -5309.1914
433200 -5174.1248
433300 -5373.0445
433400 -5690.629
433500 -5835.6966
433600 -5731.1138
433700 -5487.8345
433800 -5263.6457
433900 -5172.7467
434000 -5255.8488
434100 -5475.8457
434200 -5721.6246
434300 -5835.9998
434400 -5702.789
434500 -5387.8419
434600 -5176.3876
434700 -5296.3602
434800 -5615.589
434900 -5823.2819
435000 -5778.0035
435100 -5555.2998
435200 -5312.5198
435300 -5179.9195
435400 -5218.2095
435500 -5410.4943
435600 -5663.7666
435700 -5827.4062
435800 -5762.0482
435900 -5473.6987
436000 -5203.446
436100 -5234.2005
436200 -5531.8101
436300 -5792.5106
436400 -5812.5132
436500 -5621.6021
436600 -5369.2285
436700 -5199.0534
436800 -5191.3874
436900 -5349.6031
437000 -5599.8487
437100 -5802.5681
437200 -5804.7691
437300 -5560.3375
437400 -5252.9198
437500 -5191.7954
437600 -5444.734
437700 -5744.0569
437800 -5832.1579
437900 -5683.8368
438000 -5431.8559
438100 -5229.5814
438200 -5176.1876
438300 -5295.3047
438400 -5532.8441
438500 -5763.6437
438600 -5829.4496
438700 -5641.7642
438800 -5320.5521
438900 -5172.8261
439000 -5360.5563
439100 -5679.8539
439200 -5834.9767
439300 -5739.0143
439400 -5498.1657
439500 -5270.5796
439600 -5173.0586
439700 -5249.4038
439800 -5465.6073
439900 -5713.2477
440000 -5835.8044
440100 -5712.8734
440200 -5400.7288
440300 -5178.9684
440400 -5285.7188
440500 -5603.1584
440600 -5819.7439
440700 -5784.1784
440800 -5565.635
440900 -5320.7687
441000 -5182.092
441100 -5213.3601
441200 -5400.7902
441300 -5654.2634
441400 -5824.5983
441500 -5769.741
441600 -5487.119
441700 -5209.6779
441800 -5226.2869
441900 -5518.4952
442000 -5786.1814
442100 -5816.5547
442200 -5631.5044
442300 -5378.5199
442400 -5203.0227
442500 -5188.2805
442600 -5340.7814
442700 -5589.6797
442800 -5797.4415
442900 -5809.7553
443000 -5573.3289
443100 -5262.2597
443200 -5187.2896
443300 -5431.4489
443400 -5735.149
443500 -5833.7254
443600 -5692.8498
443700 -5441.8662
443800 -5235.2286
443900 -5174.9155
444000 -5287.6646
444100 -5522.458
444200 -5756.5755
444300 -5831.6098
444400 -5653.4752
444500 -5332.2104
444600 -5172.1247
444700 -5348.2895
444800 -5668.7814
444900 -5833.8286
445000 -5746.678
445100 -5508.5248
445200 -5277.7311
445300 -5173.6584
445400 -5243.1922
445500 -5455.4266
445600 -5704.6679
445700 -5835.1928
445800 -5722.619
445900 -5413.7625
446000 -5182.1337
446100 -5275.4433
446200 -5590.5376
446300 -5815.7708
446400 -5790.0507
446500 -5575.9327
446600 -5329.1969
446700 -5184.5462
446800 -5208.7704
446900 -5391.2003
447000 -5644.628
447100 -5821.4126
447200 -5777.0333
447300 -5500.5341
447400 -5216.4298
447500 -5218.859
447600 -5505.1227
447700 -5779.4372
447800 -5820.2361
447900 -5641.3
448000 -5387.9439
448100 -5207.2589
448200 -5185.451
448300 -5332.1231
448400 -5579.4486
448500 -5791.9904
448600 -5814.3104
448700 -5586.1753
448800 -5272.0122
448900 -5183.3507
449000 -5418.2553
449100 -5725.8763
449200 -5834.8884
449300 -5701.6851
449400 -5451.9552
449500 -5241.1196
449600 -5173.9299
449700 -5280.2292
449800 -5512.0769
449900 -5749.2461
450000 -5833.3366
450100 -5664.9239
450200 -5344.1438
450300 -5172.0221
450400 -5336.2671
450500 -5657.426
450600 -5832.2499
450700 -5754.0945
450800 -5518.902
450900 -5285.095
451000 -5174.5456
451100 -5237.2187
451200 -5445.3127
451300 -5695.8959
451400 -5834.1695
451500 -5732.0141
451600 -5426.9193
451700 -5185.8765
451800 -5265.5539
451900 -5577.7454
452000 -5811.3639
452100 -5795.6109
452200 -5586.1825
452300 -5337.7976
452400 -5187.2803
452500 -5204.4434
452600 -5381.7325
452700 -5634.8714
452800 -5817.8563
452900 -5783.9183
453000 -5513.9212
453100 -5223.6878
453200 -5211.9322
453300 -5491.7147
453400 -5772.2836
453500 -5823.5496
453600 -5650.9781
453700 -5397.4929
453800 -5211.759
453900 -5182.9008
454000 -5323.6351
454100 -5569.1661
454200 -5786.2239
454300 -5818.4322
454400 -5598.857
454500 -5282.1578
454600 -5179.9869
454700 -5405.1768
454800 -5716.2495
454900 -5835.6416
455000 -5710.3319
455100 -5462.1141
455200 -5247.2502
455300 -5173.2316
455400 -5273.0043
455500 -5501.7105
455600 -5741.6659
455700 -5834.6319
455800 -5676.095
455900 -5356.3295
456000 -5172.5185
456100 -5324.512
456200 -5645.8031
456300 -5830.2382
456400 -5761.2533
456500 -5529.2875
456600 -5292.6657
456700 -5175.7198
456800 -5231.4876
456900 -5435.2744
457000 -5686.9426
457100 -5832.7399
457200 -5741.0481
457300 -5440.1758
457400 -5190.1892
457500 -5256.0706
457600 -5564.8014
457700 -5806.525
457800 -5800.8496
457900 -5596.374
458000 -5346.5642
458100 -5190.2924
458200 -5200.3824
458300 -5372.3949
458400 -5625.0044
458500 -5813.9372
458600 -5790.3903
458700 -5527.2583
458800 -5231.4368
458900 -5205.5207
459000 -5478.2936
459100 -5764.7272
459200 -5826.4877
459300 -5660.5278
459400 -5407.1588
459500 -5216.5199
459600 -5180.6316
459700 -5315.324
459800 -5558.8426
459900 -5780.1515
460000 -5822.1194
460100 -5611.3548
460200 -5292.6762
460300 -5177.2052
460400 -5392.2369
460500 -5706.2797
460600 -5835.98
460700 -5718.7795
460800 -5472.3337
460900 -5253.6157
461000 -5172.8211
461100 -5265.9953
461200 -5491.3686
461300 -5733.8453
461400 -5835.4981
461500 -5686.9735
461600 -5368.7445
461700 -5173.613
461800 -5313.0469
461900 -5633.9285
462000 -5827.7922
462100 -5768.1441
462200 -5539.6714
462300 -5300.4373
462400 -5177.1799
462500 -5226.0029
462600 -5425.3207
462700 -5677.8188
462800 -5830.9095
462900 -5749.7109
463000 -5453.5081
463100 -5195.0625
463200 -5247.0123
463300 -5551.7256
463400 -5801.2568
463500 -5805.7579
463600 -5606.4964
463700 -5355.4895
463800 -5193.5804
463900 -5196.5902
464000 -5363.195
464100 -5615.0378
464200 -5809.6633
464300 -5796.4438
464400 -5540.5234
464500 -5239.661
464600 -5199.6378
464700 -5464.8823
464800 -5756.7751
464900 -5829.0432
465000 -5669.9381
465100 -5416.9335
465200 -5221.5381
465300 -5178.6451
465400 -5307.1964
465500 -5548.4884
465600 -5773.7829
465700 -5825.371
465800 -5623.6503
465900 -5303.5467
466000 -5175.0116
466100 -5379.4595
466200 -5695.9791
466300 -5835.8993
466400 -5727.0169
466500 -5482.6049
466600 -5260.2117
466700 -5172.6987
466800 -5259.2075
466900 -5481.0609
467000 -5725.7948
467100 -5835.9383
467200 -5697.5453
467300 -5381.3654
467400 -5175.3031
467500 -5301.894
467600 -5621.8191
467700 -5824.9109
467800 -5774.757
467900 -5550.0435
468000 -5308.404
468100 -5178.9251
468200 -5220.7688
468300 -5415.4602
468400 -5668.5355
468500 -5828.6844
468600 -5757.9932
468700 -5466.8931
468800 -5200.4863
468900 -5238.3974
469000 -5538.5385
469100 -5795.5624
469200 -5810.3269
469300 -5616.5392
469400 -5364.5663
469500 -5197.142
469600 -5193.0695
469700 -5354.1404
469800 -5604.9824
469900 -5805.0429
470000 -5802.0745
470100 -5553.6951
470200 -5248.3436
470300 -5194.2959
470400 -5451.5038
470500 -5748.4352
470600 -5831.2095
470700 -5679.1982
470800 -5426.8085
470900 -5226.81
471000 -5176.9426
471100 -5299.2586
471200 -5538.1139
471300 -5767.1277
471400 -5828.187
471500 -5635.7256
471600 -5314.7479
471700 -5173.4107
471800 -5366.868
471900 -5685.3604
472000 -5835.3954
472100 -5735.0336
472200 -5492.9184
472300 -5267.033
472400 -5172.8643
472500 -5252.6458
472600 -5470.7968
472700 -5717.5251
472800 -5835.9559
472900 -5707.797
473000 -5394.1687
473100 -5177.5852
473200 -5291.075
473300 -5609.492
473400 -5821.5939
473500 -5781.0818
473600 -5560.3938
473700 -5316.5595
473800 -5180.9541
473900 -5215.789
474000 -5405.7014
474100 -5659.1035
474200 -5826.071
474300 -5765.8864
474400 -5480.3073
474500 -5206.4493
474600 -5230.2434
474700 -5525.2612
474800 -5789.4457
474900 -5814.5481
475000 -5626.4915
475100 -5373.7873
475200 -5200.9747
475300 -5189.8228
475400 -5345.2385
475500 -5594.849
475600 -5800.0844
475700 -5807.2785
475800 -5566.7525
475900 -5257.4669
476000 -5189.5061
476100 -5438.1813
476200 -5739.7161
476300 -5832.9801
476400 -5688.2971
476500 -5436.7754
476600 -5232.3319
476700 -5175.5253
476800 -5291.5168
476900 -5527.7291
477000 -5760.196
477100 -5830.5677
477200 -5647.5635
477300 -5326.2579
477400 -5172.4059
477500 -5354.4859
477600 -5674.4371
477700 -5834.465
477800 -5742.8188
477900 -5503.2646
478000 -5274.0748
478100 -5173.3181
478200 -5246.3152
478300 -5460.5857
478400 -5709.047
478500 -5835.5549
478600 -5717.7161
478700 -5407.1309
478800 -5180.4546
478900 -5280.6112
479000 -5596.9654
479100 -5817.8415
479200 -5787.1089
479300 -5570.7118
479400 -5324.8975
479500 -5183.2656
479600 -5211.0671
479700 -5396.0525
479800 -5649.5339
479900 -5823.0762
480000 -5773.3828
480100 -5493.7279
480200 -5212.939
480300 -5222.5671
480400 -5511.9152
480500 -5782.9115
480600 -5818.4133
480700 -5636.3427
480800 -5383.145
480900 -5205.0758
481000 -5186.8523
481100 -5336.4964
481200 -5584.6481
481300 -5794.7969
481400 -5812.0527
481500 -5579.675
481600 -5267.0124
481700 -5185.2784
481800 -5424.9383
481900 -5730.6272
482000 -5834.3491
482100 -5697.2239
482200 -5446.8256
482300 -5238.0997
482400 -5174.3942
482500 -5283.9768
482600 -5517.3442
482700 -5752.9979
482800 -5832.5143
482900 -5659.1473
483000 -5338.0545
483100 -5171.9993
483200 -5342.3366
483300 -5663.2234
483400 -5833.1051
483500 -5750.3621
483600 -5513.6338
483700 -5281.3316
483800 -5174.0595
483900 -5240.2203
484000 -5450.4367
484100 -5700.3712
484200 -5834.74
484300 -5727.2905
484400 -5420.2282
484500 -5183.9053
484600 -5270.5234
484700 -5584.2578
484800 -5813.6545
484900 -5792.8286
485000 -5580.9873
485100 -5333.4115
485200 -5185.8578
485300 -5206.6063
485400 -5386.5218
485500 -5639.8375
485600 -5819.707
485700 -5780.4754
485800 -5507.132
485900 -5219.942
486000 -5215.3841
486100 -5498.5224
486200 -5775.9649
486300 -5821.9144
486400 -5646.0818
486500 -5392.6316
486600 -5209.4423
486700 -5184.16
486800 -5327.9211
486900 -5574.3904
487000 -5789.1893
487100 -5816.3946
487200 -5592.4427
487300 -5276.9609
487400 -5181.6217
487500 -5411.7984
487600 -5721.1788
487700 -5835.3109
487800 -5705.9678
487900 -5456.9501
488000 -5244.1092
488100 -5173.5501
488200 -5276.6444
488300 -5506.9691
488400 -5745.5436
488500 -5834.0283
488600 -5670.4612
488700 -5350.115
488800 -5172.1918
488900 -5330.443
489000 -5651.7343
489100 -5831.3133
489200 -5757.6529
489300 -5524.0163
489400 -5288.798
489500 -5175.0881
489600 -5234.3656
489700 -5440.3589
489800 -5691.5085
489900 -5833.5159
490000 -5736.5091
490100 -5433.437
490200 -5187.9298
490300 -5260.8315
490400 -5571.3884
490500 -5809.0346
490600 -5798.2316
490700 -5591.2097
490800 -5342.0948
490900 -5188.7291
491000 -5202.41
491100 -5377.1171
491200 -5630.0251
491300 -5815.9711
491400 -5787.1577
491500 -5520.4972
491600 -5227.4437
491700 -5208.7093
491800 -5485.1052
491900 -5768.6121
492000 -5825.0439
492100 -5655.698
492200 -5402.2392
492300 -5214.0713
492400 -5181.748
492500 -5319.5194
492600 -5564.0864
492700 -5783.271
492800 -5820.3025
492900 -5605.0362
493000 -5287.2927
493100 -5178.5438
493200 -5398.7852
493300 -5711.3816
493400 -5835.8604
493500 -5714.5178
493600 -5467.1401
493700 -5250.3561
493800 -5172.9935
493900 -5269.5252
494000 -5496.6135
494100 -5737.8437
494200 -5835.1119
494300 -5681.49
494400 -5362.4166
494500 -5172.9829
494600 -5318.828
494700 -5639.9854
494800 -5829.0879
494900 -5764.681
495000 -5534.4023
495100 -5296.4684
495200 -5176.4032
495300 -5228.7554
495400 -5430.3612
495500 -5682.4698
495600 -5831.8882
495700 -5745.3614
495800 -5446.7338
495900 -5192.5198
496000 -5251.5552
496100 -5558.3769
496200 -5803.984
496300 -5803.3087
496400 -5601.3685
496500 -5350.9404
496600 -5191.8773
496700 -5198.481
496800 -5367.8463
496900 -5620.1077
497000 -5811.8762
497100 -5793.4242
497200 -5533.8016
497300 -5235.4288
497400 -5202.5566
497500 -5471.686
497600 -5760.8599
497700 -5827.7945
497800 -5665.1804
497900 -5411.9597
498000 -5218.9593
498100 -5179.6179
498200 -5311.2979
498300 -5553.7465
498400 -5777.0515
498500 -5823.7752
498600 -5617.4366
498700 -5297.9871
498800 -5176.0511
498900 -5385.9224
499000 -5701.2474
499100 -5835.9929
499200 -5722.8633
499300 -5477.3863
499400 -5256.8357
499500 -5172.7248
499600 -5262.6244
499700 -5486.2873
499800 -5729.9085
499900 -5835.7679
500000 -5692.2192
500100 -5374.9359
500200 -5174.3711
500300 -5307.5139
500400 -5627.993
500500 -5826.4276
500600 -5771.4362
500700 -5544.7817
500800 -5304.3368
500900 -5178.0038
501000 -5223.3937
501100 -5420.4524
501200 -5673.2661
501300 -5829.8626
501400 -5753.8379
501500 -5460.095
501600 -5197.6655
501700 -5242.713
501800 -5545.2437
501900 -5798.5054
502000 -5808.051
502100 -5611.453
502200 -5359.9412
502300 -5195.3004
502400 -5194.8222
502500 -5358.7171
502600 -5610.0961
502700 -5807.4306
502800 -5799.27
502900 -5547.0233
503000 -5243.8809
503100 -5196.9387
503200 -5458.288
503300 -5752.7157
503400 -5830.1591
503500 -5674.5181
503600 -5421.7848
503700 -5224.103
503800 -5177.7711
503900 -5303.2631
504000 -5543.381
504100 -5770.5404
504200 -5826.8123
504300 -5629.6259
504400 -5309.0232
504500 -5174.1489
504600 -5373.2336
504700 -5690.7885
504800 -5835.7042
504900 -5730.9933
505000 -5487.6795
505100 -5263.5432
505200 -5172.7443
505300 -5255.9474
505400 -5475.9999
505500 -5721.7488
505600 -5835.9995
505700 -5702.635
505800 -5387.6496
505900 -5176.3533
506000 -5296.5227
506100 -5615.7742
506200 -5823.3317
506300 -5777.9085
506400 -5555.1443
506500 -5312.3973
506600 -5179.889
506700 -5218.2843
506800 -5410.6409
506900 -5663.9082
507000 -5827.4455
507100 -5761.9297
507200 -5473.4972
507300 -5203.3564
507400 -5234.323
507500 -5532.0095
507600 -5792.6025
507700 -5812.4498
507800 -5621.4526
507900 -5369.09
508000 -5198.9958
508100 -5191.4361
508200 -5349.7368
508300 -5600.0009
508400 -5802.6426
508500 -5804.691
508600 -5560.1413
508700 -5252.7828
508800 -5191.8673
508900 -5444.9341
509000 -5744.1879
509100 -5832.1313
509200 -5683.7001
509300 -5431.7062
509400 -5229.4985
509500 -5176.2089
509600 -5295.421
509700 -5533.0001
509800 -5763.7478
509900 -5829.4138
510000 -5641.5864
510100 -5320.3792
510200 -5172.8412
510300 -5360.7423
510400 -5680.018
510500 -5834.9907
510600 -5738.8973
510700 -5498.0103
510800 -5270.4738
510900 -5173.0518
511000 -5249.4989
511100 -5465.7607
511200 -5713.3751
511300 -5835.8104
511400 -5712.7244
511500 -5400.534
511600 -5178.9253
511700 -5285.876
511800 -5603.3466
511900 -5819.8002
512000 -5784.0879
512100 -5565.48
512200 -5320.6435
512300 -5182.0573
512400 -5213.4311
512500 -5400.9352
512600 -5654.4071
512700 -5824.6433
512800 -5769.6284
512900 -5486.9174
513000 -5209.5804
513100 -5226.4022
513200 -5518.6957
513300 -5786.2796
513400 -5816.4967
513500 -5631.3564
513600 -5378.3793
513700 -5202.9611
513800 -5188.3252
513900 -5340.9127
514000 -5589.8329
514100 -5797.5209
514200 -5809.6836
514300 -5573.1348
514400 -5262.1163
514500 -5187.3532
514600 -5431.6479
514700 -5735.2855
514800 -5833.7049
514900 -5692.7157
515000 -5441.7152
515100 -5235.142
515200 -5174.9324
515300 -5287.7778
515400 -5522.614
515500 -5756.6836
515600 -5831.5806
515700 -5653.3011
515800 -5332.0332
515900 -5172.1308
516000 -5348.472
516100 -5668.9499
516200 -5833.8491
516300 -5746.5647
516400 -5508.369
516500 -5277.6221
516600 -5173.6473
516700 -5243.2838
516800 -5455.5791
516900 -5704.7983
517000 -5835.205
517100 -5722.4751
517200 -5413.5657
517300 -5182.0818
517400 -5275.5948
517500 -5590.7285
517600 -5815.8337
517700 -5789.9648
517800 -5575.7783
517900 -5329.069
518000 -5184.5072
518100 -5208.8374
518200 -5391.3435
518300 -5644.7737
518400 -5821.4632
518500 -5776.9267
518600 -5500.3327
518700 -5216.3246
518800 -5218.9669
518900 -5505.3239
519000 -5779.5415
519100 -5820.1835
519200 -5641.1537
519300 -5387.8014
519400 -5207.1933
519500 -5185.4915
519600 -5332.2519
519700 -5579.6027
519800 -5792.0746
519900 -5814.2452
520000 -5585.9835
520100 -5271.8628
520200 -5183.4057
520300 -5418.4527
520400 -5726.0182
520500 -5834.874
520600 -5701.5537
520700 -5451.8031
520800 -5241.0293
520900 -5173.9426
521000 -5280.3394
521100 -5512.2327
521200 -5749.3581
521300 -5833.3139
521400 -5664.754
521500 -5343.9626
521600 -5172.0192
521700 -5336.4457
521800 -5657.5986
521900 -5832.2768
522000 -5753.9849
522100 -5518.746
522200 -5284.9829
522300 -5174.5302
522400 -5237.3067
522500 -5445.4641
522600 -5696.0291
522700 -5834.1879
522800 -5731.8757
522900 -5426.7209
523000 -5185.8161
523100 -5265.6995
523200 -5577.9387
523300 -5811.4333
523400 -5795.5297
523500 -5586.029
523600 -5337.6672
523700 -5187.2371
523800 -5204.5065
523900 -5381.8738
524000 -5635.0188
524100 -5817.9125
524200 -5783.818
524300 -5513.7205
524400 -5223.5751
524500 -5212.0324
524600 -5491.9162
524700 -5772.3941
524800 -5823.5026
524900 -5650.8337
525000 -5397.3486
525100 -5211.6895
525200 -5182.937
525300 -5323.7613
525400 -5569.3209
525500 -5786.3128
525600 -5818.3735
525700 -5598.6678
525800 -5282.0026
525900 -5180.0331
526000 -5405.3722
526100 -5716.3966
526200 -5835.6333
526300 -5710.2035
526400 -5461.961
526500 -5247.1563
526600 -5173.24
526700 -5273.1113
526800 -5501.866
526900 -5741.7816
527000 -5834.6156
527100 -5675.9293
527200 -5356.1447
527300 -5172.5067
527400 -5324.6865
527500 -5645.9796
527600 -5830.2716
527700 -5761.1477
527800 -5529.1315
527900 -5292.5505
528000 -5175.7
528100 -5231.5718
528200 -5435.4246
528300 -5687.0784
528400 -5832.7644
528500 -5740.9152
528600 -5439.976
528700 -5190.1202
528800 -5256.2099
528900 -5564.9969
529000 -5806.6009
529100 -5800.7734
529200 -5596.2214
529300 -5346.4313
529400 -5190.2451
529500 -5200.4414
529600 -5372.5341
529700 -5625.1534
529800 -5813.9988
529900 -5790.2961
530000 -5527.0584
530100 -5231.3169
530200 -5205.6131
530300 -5478.4952
530400 -5764.8437
530500 -5826.4463
530600 -5660.3854
530700 -5407.0128
530800 -5216.4464
530900 -5180.6636
531000 -5315.4475
531100 -5558.9979
531200 -5780.245
531300 -5822.0672
531400 -5611.1685
531500 -5292.5156
531600 -5177.2427
531700 -5392.4302
531800 -5706.432
531900 -5835.978
532000 -5718.6541
532100 -5472.1798
532200 -5253.5184
532300 -5172.8252
532400 -5266.099
532500 -5491.5237
532600 -5733.9645
532700 -5835.4883
532800 -5686.8123
532900 -5368.5564
533000 -5173.5921
533100 -5313.2169
533200 -5634.1087
533300 -5827.8322
533400 -5768.0426
533500 -5539.5155
533600 -5300.3191
533700 -5177.1559
533800 -5226.0835
533900 -5425.4696
534000 -5677.9571
534100 -5830.94
534200 -5749.5836
534300 -5453.3074
534400 -5194.9852
534500 -5247.1451
534600 -5551.9229
534700 -5801.3391
534800 -5805.6867
534900 -5606.3449
535000 -5355.3542
535100 -5193.529
535200 -5196.6452
535300 -5363.3321
535400 -5615.1882
535500 -5809.7301
535600 -5796.356
535700 -5540.3248
535800 -5239.5341
535900 -5199.7222
536000 -5465.0836
536100 -5756.8974
536200 -5829.0077
536300 -5669.7979
536400 -5416.7859
536500 -5221.4608
536600 -5178.6729
536700 -5307.3171
536800 -5548.6441
536900 -5773.8807
537000 -5825.3254
537100 -5623.4672
537200 -5303.3809
537300 -5175.0402
537400 -5379.6501
537500 -5696.1362
537600 -5835.9036
537700 -5726.8948
537800 -5482.4503
537900 -5260.1109
538000 -5172.6984
538100 -5259.3078
538200 -5481.2154
538300 -5725.9174
538400 -5835.9348
538500 -5697.3888
538600 -5381.1744
538700 -5175.2733
538800 -5302.0591
538900 -5622.0026
539000 -5824.9574
539100 -5774.6597
539200 -5549.8879
539300 -5308.2829
539400 -5178.8968
539500 -5220.8456
539600 -5415.6076
539700 -5668.676
539800 -5828.7207
539900 -5757.8716
540000 -5466.6917
540100 -5200.4008
540200 -5238.5234
540300 -5538.7373
540400 -5795.6511
540500 -5810.2608
540600 -5616.389
540700 -5364.4289
540800 -5197.0865
540900 -5193.1204
541000 -5354.2753
541100 -5605.1341
541200 -5805.1148
541300 -5801.9931
541400 -5553.4981
541500 -5248.2099
541600 -5194.3721
541700 -5451.7044
541800 -5748.5633
541900 -5831.1799
542000 -5679.0603
542100 -5426.6595
542200 -5226.729
542300 -5176.9661
542400 -5299.3765
542500 -5538.2698
542600 -5767.2297
542700 -5828.1479
542800 -5635.546
542900 -5314.5773
543000 -5173.4303
543100 -5367.0556
543200 -5685.5222
543300 -5835.4061
543400 -5734.9149
543500 -5492.7632
543600 -5266.9289
543700 -5172.8597
543800 -5252.7427
543900 -5470.9506
544000 -5717.6509
544100 -5835.9587
544200 -5707.6455
544300 -5393.9751
544400 -5177.5466
544500 -5291.235
544600 -5609.6787
544700 -5821.6469
544800 -5780.989
544900 -5560.2385
545000 -5316.4356
545100 -5180.9216
545200 -5215.8619
545300 -5405.8472
545400 -5659.2463
545500 -5826.1131
545600 -5765.7708
545700 -5480.1057
545800 -5206.3558
545900 -5230.3624
546000 -5525.4612
546100 -5789.5407
546200 -5814.4873
546300 -5626.3427
546400 -5373.6478
546500 -5200.9151
546600 -5189.8695
546700 -5345.3711
546800 -5595.0017
546900 -5800.1614
547000 -5807.2035
547100 -5566.5573
547200 -5257.3266
547300 -5189.5739
547400 -5438.3809
547500 -5739.8498
547600 -5832.9565
547700 -5688.1617
547800 -5436.6251
547900 -5232.2471
548000 -5175.5445
548100 -5291.6316
548200 -5527.8851
548300 -5760.3021
548400 -5830.5352
548500 -5647.3875
548600 -5326.0828
548700 -5172.4166
548800 -5354.6703
548900 -5674.6034
549000 -5834.4821
549100 -5742.7037
549200 -5503.109
549300 -5273.9674
549400 -5173.3091
549500 -5246.4086
549600 -5460.7386
549700 -5709.1758
549800 -5835.564
549900 -5717.5696
550000 -5406.9351
550100 -5180.4072
550200 -5280.7657
550300 -5597.155
550400 -5817.901
550500 -5787.0206
550600 -5570.5571
550700 -5324.771
550800 -5183.2288
550900 -5211.1361
551000 -5396.1966
551100 -5649.6786
551200 -5823.1239
551300 -5773.2732
551400 -5493.5263
551500 -5212.8377
551600 -5222.6788
551700 -5512.1161
551800 -5783.0127
551900 -5818.3579
552000 -5636.1955
552100 -5383.0035
552200 -5205.0122
552300 -5186.8948
552400 -5336.6265
552500 -5584.8018
552600 -5794.8787
552700 -5811.9842
552800 -5579.482
552900 -5266.8659
553000 -5185.3377
553100 -5425.1365
553200 -5730.7664
553300 -5834.3315
553400 -5697.0912
553500 -5446.6741
553600 -5238.0112
553700 -5174.4091
553800 -5284.0885
553900 -5517.5001
554000 -5753.1079
554100 -5832.4883
554200 -5658.9753
554300 -5337.8753
554400 -5172.001
554500 -5342.5173
554600 -5663.394
554700 -5833.1287
554800 -5750.2506
554900 -5513.4779
555000 -5281.221
555100 -5174.0462
555200 -5240.3101
555300 -5450.5886
555400 -5700.5029
555500 -5834.7552
555600 -5727.1492
555700 -5420.0306
555800 -5183.8492
555900 -5270.672
556000 -5584.4499
556100 -5813.7206
556200 -5792.745
556300 -5580.8333
556400 -5333.2824
556500 -5185.8168
556600 -5206.6714
556700 -5386.664
556800 -5639.984
556900 -5819.7604
557000 -5780.3718
557100 -5506.9309
557200 -5219.833
557300 -5215.4883
557400 -5498.7239
557500 -5776.0723
557600 -5821.8646
557700 -5645.9364
557800 -5392.4882
557900 -5209.3748
558000 -5184.1984
558100 -5328.0487
558200 -5574.5448
558300 -5789.2759
558400 -5816.3326
558500 -5592.2521
558600 -5276.8086
558700 -5181.6724
558800 -5411.9949
558900 -5721.3233
559000 -5835.2995
559100 -5705.8379
559200 -5456.7976
559300 -5244.0171
559400 -5173.5606
559500 -5276.753
559600 -5507.1248
559700 -5745.6574
559800 -5834.0088
559900 -5670.2933
560000 -5349.932
560100 -5172.1844
560200 -5330.6197
560300 -5651.9089
560400 -5831.3435
560500 -5757.5453
560600 -5523.8603
560700 -5288.6843
560800 -5175.0705
560900 -5234.4518
561000 -5440.5097
561100 -5691.6429
561200 -5833.5373
561300 -5736.3733
561400 -5433.2379
561500 -5187.8651
561600 -5260.9741
561700 -5571.5828
561800 -5809.1072
561900 -5798.1529
562000 -5591.0566
562100 -5341.9631
562200 -5188.6839
562300 -5202.4711
562400 -5377.2574
562500 -5630.1733
562600 -5816.0299
562700 -5787.0604
562800 -5520.2969
562900 -5227.3274
563000 -5208.8058
563100 -5485.3068
563200 -5768.7255
563300 -5824.9997
563400 -5655.5545
563500 -5402.094
563600 -5213.9998
563700 -5181.7822
563800 -5319.6443
563900 -5564.2414
564000 -5783.3621
564100 -5820.247
564200 -5604.8484
564300 -5287.1348
564400 -5178.5857
564500 -5398.9796
564600 -5711.5313
564700 -5835.8552
564800 -5714.3909
564900 -5466.9866
565000 -5250.2605
565100 -5172.9997
565200 -5269.6305
565300 -5496.7689
565400 -5737.9611
565500 -5835.0988
565600 -5681.3265
565700 -5362.2301
565800 -5172.9666
565900 -5319.0003
566000 -5640.1637
566100 -5829.1246
566200 -5764.5775
566300 -5534.2463
566400 -5296.3517
566500 -5176.3813
566600 -5228.8378
566700 -5430.5108
566800 -5682.6069
566900 -5831.9156
567000 -5745.2312
567100 -5446.5335
567200 -5192.4467
567300 -5251.6914
567400 -5558.5733
567500 -5804.063
567600 -5803.2349
567700 -5601.2164
567800 -5350.8063
567900 -5191.828
568000 -5198.5381
568100 -5367.9846
568200 -5620.2574
568300 -5811.9403
568400 -5793.3331
568500 -5533.6023
568600 -5235.3054
568700 -5202.6451
568800 -5471.8875
568900 -5760.9792
569000 -5827.756
569100 -5665.039
569200 -5411.8129
569300 -5218.884
569400 -5179.6478
569500 -5311.4201
569600 -5553.902
569700 -5777.1471
569800 -5823.7263
569900 -5617.2519
570000 -5297.8239
570100 -5176.0842
570200 -5386.1144
570300 -5701.402
570400 -5835.994
570500 -5722.7395
570600 -5477.232
570700 -5256.7366
570800 -5172.7267
570900 -5262.7265
571000 -5486.4421
571100 -5730.0294
571200 -5835.7612
571300 -5692.0603
571400 -5374.7463
571500 -5174.3458
571600 -5307.6815
571700 -5628.1749
571800 -5826.4708
571900 -5771.3368
572000 -5544.6259
572100 -5304.2172
572200 -5177.9777
572300 -5223.4723
572400 -5420.6005
572500 -5673.4055
572600 -5829.896
572700 -5753.7134
572800 -5459.8939
572900 -5197.5842
573000 -5242.8425
573100 -5545.4417
573200 -5798.5908
573300 -5807.9823
573400 -5611.3021
573500 -5359.8049
573600 -5195.2469
573700 -5194.8752
573800 -5358.8531
573900 -5610.2471
574000 -5807.4999
574100 -5799.1853
574200 -5546.8254
574300 -5243.7506
574400 -5197.019
574500 -5458.489
574600 -5752.8409
574700 -5830.1265
574800 -5674.3789
574900 -5421.6365
575000 -5224.0238
575100 -5177.7967
575200 -5303.3823
575300 -5543.5368
575400 -5770.6403
575500 -5826.7699
575600 -5629.4445
575700 -5308.855
575800 -5174.1731
575900 -5373.4228
576000 -5690.9479
576100 -5835.7117
576200 -5730.8729
576300 -5487.5246
576400 -5263.4408
576500 -5172.7418
576600 -5256.046
576700 -5476.1541
576800 -5721.873
576900 -5835.9991
577000 -5702.4809
577100 -5387.4573
577200 -5176.3191
577300 -5296.6853
577400 -5615.9594
577500 -5823.3815
577600 -5777.8134
577700 -5554.9888
577800 -5312.2748
577900 -5179.8586
578000 -5218.3592
578100 -5410.7875
578200 -5664.0499
578300 -5827.4846
578400 -5761.811
578500 -5473.2957
578600 -5203.2669
578700 -5234.4456
578800 -5532.2089
578900 -5792.6943
579000 -5812.3863
579100 -5621.303
579200 -5368.9515
579300 -5198.9383
579400 -5191.485
579500 -5349.8705
579600 -5600.1531
579700 -5802.717
579800 -5804.6127
579900 -5559.9451
580000 -5252.6458
580100 -5191.9394
580200 -5445.1343
580300 -5744.3188
580400 -5832.1046
580500 -5683.5634
580600 -5431.5565
580700 -5229.4156
580800 -5176.2303
580900 -5295.5374
581000 -5533.1561
581100 -5763.8519
581200 -5829.3779
581300 -5641.4085
581400 -5320.2064
581500 -5172.8564
581600 -5360.9284
581700 -5680.182
581800 -5835.0045
581900 -5738.7803
582000 -5497.8549
582100 -5270.3681
582200 -5173.0451
582300 -5249.594
582400 -5465.9141
582500 -5713.5024
582600 -5835.8164
582700 -5712.5753
582800 -5400.3394
582900 -5178.8824
583000 -5286.0333
583100 -5603.5347
583200 -5819.8565
583300 -5783.9973
583400 -5565.325
583500 -5320.5183
583600 -5182.0226
583700 -5213.5021
583800 -5401.0801
583900 -5654.5509
584000 -5824.6882
584100 -5769.5157
584200 -5486.7158
584300 -5209.483
584400 -5226.5177
584500 -5518.8962
584600 -5786.3776
584700 -5816.4385
584800 -5631.2084
584900 -5378.2388
585000 -5202.8995
585100 -5188.3699
585200 -5341.0441
585300 -5589.9861
585400 -5797.6003
585500 -5809.6118
585600 -5572.9406
585700 -5261.973
585800 -5187.4168
585900 -5431.8468
586000 -5735.4219
586100 -5833.6842
586200 -5692.5815
586300 -5441.5642
586400 -5235.0554
586500 -5174.9495
586600 -5287.8912
586700 -5522.77
586800 -5756.7917
586900 -5831.5512
587000 -5653.1271
587100 -5331.856
587200 -5172.137
587300 -5348.6546
587400 -5669.1183
587500 -5833.8694
587600 -5746.4513
587700 -5508.2133
587800 -5277.5132
587900 -5173.6362
588000 -5243.3754
588100 -5455.7315
588200 -5704.9285
588300 -5835.2172
588400 -5722.3312
588500 -5413.369
588600 -5182.0301
588700 -5275.7465
588800 -5590.9193
588900 -5815.8965
589000 -5789.8788
589100 -5575.624
589200 -5328.9411
589300 -5184.4684
589400 -5208.9044
589500 -5391.4866
589600 -5644.9193
589700 -5821.5137
589800 -5776.8201
589900 -5500.1313
590000 -5216.2195
590100 -5219.075
590200 -5505.5251
590300 -5779.6458
590400 -5820.1308
590500 -5641.0074
590600 -5387.659
590700 -5207.1277
590800 -5185.532
590900 -5332.3808
591000 -5579.7568
591100 -5792.1588
591200 -5814.1799
591300 -5585.7917
591400 -5271.7134
591500 -5183.4607
591600 -5418.6501
591700 -5726.1601
591800 -5834.8595
591900 -5701.4223
592000 -5451.651
592100 -5240.9391
592200 -5173.9553
592300 -5280.4496
592400 -5512.3886
592500 -5749.47
592600 -5833.291
592700 -5664.584
592800 -5343.7815
592900 -5172.0164
593000 -5336.6245
593100 -5657.7712
593200 -5832.3036
593300 -5753.8754
593400 -5518.5901
593500 -5284.8708
593600 -5174.5148
593700 -5237.3947
593800 -5445.6155
593900 -5696.1621
594000 -5834.2062
594100 -5731.7371
594200 -5426.5225
594300 -5185.7557
594400 -5265.8452
594500 -5578.132
594600 -5811.5026
594700 -5795.4485
594800 -5585.8754
594900 -5337.5368
595000 -5187.1941
595100 -5204.5695
595200 -5382.0151
595300 -5635.1662
595400 -5817.9685
595500 -5783.7175
595600 -5513.5197
595700 -5223.4625
595800 -5212.1328
595900 -5492.1178
596000 -5772.5044
596100 -5823.4555
596200 -5650.6892
596300 -5397.2043
596400 -5211.62
596500 -5182.9733
596600 -5323.8875
596700 -5569.4757
596800 -5786.4017
596900 -5818.3147
597000 -5598.4786
597100 -5281.8475
597200 -5180.0795
597300 -5405.5678
597400 -5716.5437
597500 -5835.625
597600 -5710.075
597700 -5461.8079
597800 -5247.0625
597900 -5173.2484
598000 -5273.2183
598100 -5502.0216
598200 -5741.8972
598300 -5834.5992
598400 -5675.7636
598500 -5355.96
598600 -5172.4949
598700 -5324.8611
598800 -5646.156
598900 -5830.305
599000 -5761.042
599100 -5528.9755
599200 -5292.4353
599300 -5175.6803
599400 -5231.6562
599500 -5435.5748
599600 -5687.2141
599700 -5832.7887
599800 -5740.7821
599900 -5439.7763
600000 -5190.0514
600100 -5256.3494
600200 -5565.1923
600300 -5806.6767
600400 -5800.697
600500 -5596.0688
600600 -5346.2985
600700 -5190.1978
600800 -5200.5005
600900 -5372.6734
601000 -5625.3023
601100 -5814.0602
601200 -5790.2019
601300 -5526.8586
601400 -5231.197
601500 -5205.7057
601600 -5478.6968
601700 -5764.96
601800 -5826.4049
601900 -5660.2429
602000 -5406.8668
602100 -5216.3731
602200 -5180.6957
602300 -5315.571
602400 -5559.1532
602500 -5780.3383
602600 -5822.0149
602700 -5610.9822
602800 -5292.355
602900 -5177.2802
603000 -5392.6234
603100 -5706.5841
603200 -5835.9759
603300 -5718.5287
603400 -5472.0259
603500 -5253.4211
603600 -5172.8293
603700 -5266.2027
603800 -5491.6788
603900 -5734.0836
604000 -5835.4783
604100 -5686.6511
604200 -5368.3684
604300 -5173.5714
604400 -5313.3869
604500 -5634.2888
604600 -5827.872
604700 -5767.9411
604800 -5539.3596
604900 -5300.201
605000 -5177.1319
605100 -5226.1641
605200 -5425.6185
605300 -5678.0953
605400 -5830.9703
605500 -5749.4562
605600 -5453.1067
605700 -5194.908
605800 -5247.2781
605900 -5552.1201
606000 -5801.4213
606100 -5805.6153
606200 -5606.1934
606300 -5355.2191
606400 -5193.4776
606500 -5196.7002
606600 -5363.4693
606700 -5615.3386
606800 -5809.7968
606900 -5796.2681
607000 -5540.1261
607100 -5239.4072
607200 -5199.8067
607300 -5465.2848
607400 -5757.0197
607500 -5828.9721
607600 -5669.6576
607700 -5416.6383
607800 -5221.3836
607900 -5178.7007
608000 -5307.4379
608100 -5548.7998
608200 -5773.9784
608300 -5825.2797
608400 -5623.2841
608500 -5303.2152
608600 -5175.0689
608700 -5379.8408
608800 -5696.2933
608900 -5835.9078
609000 -5726.7726
609100 -5482.2957
609200 -5260.0102
609300 -5172.6981
609400 -5259.4081
609500 -5481.37
609600 -5726.0399
609700 -5835.9312
609800 -5697.2323
609900 -5380.9835
610000 -5175.2436
610100 -5302.2243
610200 -5622.1861
610300 -5825.0038
610400 -5774.5624
610500 -5549.7322
610600 -5308.1619
610700 -5178.8685
610800 -5220.9224
610900 -5415.755
611000 -5668.8166
611100 -5828.757
611200 -5757.75
611300 -5466.4904
611400 -5200.3155
611500 -5238.6496
611600 -5538.9361
611700 -5795.7396
611800 -5810.1947
611900 -5616.2387
612000 -5364.2915
612100 -5197.031
612200 -5193.1713
612300 -5354.4103
612400 -5605.2857
612500 -5805.1866
612600 -5801.9116
612700 -5553.301
612800 -5248.0762
612900 -5194.4484
613000 -5451.905
613100 -5748.6913
613200 -5831.1501
613300 -5678.9223
613400 -5426.5105
613500 -5226.648
613600 -5176.9896
613700 -5299.4943
613800 -5538.4257
613900 -5767.3317
614000 -5828.1087
614100 -5635.3662
614200 -5314.4067
614300 -5173.4501
614400 -5367.2433
614500 -5685.6839
614600 -5835.4167
614700 -5734.7961
614800 -5492.608
614900 -5266.8249
615000 -5172.8552
615100 -5252.8396
615200 -5471.1044
615300 -5717.7766
615400 -5835.9615
615500 -5707.4938
615600 -5393.7816
615700 -5177.5081
615800 -5291.395
615900 -5609.8654
616000 -5821.6999
616100 -5780.8961
616200 -5560.0833
616300 -5316.3118
616400 -5180.889
616500 -5215.9349
616600 -5405.993
616700 -5659.389
616800 -5826.1551
616900 -5765.655
617000 -5479.9041
617100 -5206.2624
617200 -5230.4815
617300 -5525.6612
617400 -5789.6356
617500 -5814.4264
617600 -5626.1939
617700 -5373.5083
617800 -5200.8556
617900 -5189.9163
618000 -5345.5036
618100 -5595.1544
618200 -5800.2382
618300 -5807.1284
618400 -5566.3621
618500 -5257.1865
618600 -5189.6418
618700 -5438.5805
618800 -5739.9834
618900 -5832.9327
619000 -5688.0262
619100 -5436.4748
619200 -5232.1624
619300 -5175.5637
619400 -5291.7465
619500 -5528.0411
619600 -5760.4081
619700 -5830.5025
619800 -5647.2115
619900 -5325.9078
620000 -5172.4274
620100 -5354.8547
620200 -5674.7696
620300 -5834.4992
620400 -5742.5884
620500 -5502.9533
620600 -5273.8601
620700 -5173.3002
620800 -5246.502
620900 -5460.8916
621000 -5709.3046
621100 -5835.573
621200 -5717.423
621300 -5406.7393
621400 -5180.3599
621500 -5280.9202
621600 -5597.3445
621700 -5817.9605
621800 -5786.9323
621900 -5570.4024
622000 -5324.6444
622100 -5183.192
622200 -5211.2051
622300 -5396.3407
622400 -5649.8233
622500 -5823.1716
622600 -5773.1635
622700 -5493.3248
622800 -5212.7365
622900 -5222.7906
623000 -5512.317
623100 -5783.1138
623200 -5818.3024
623300 -5636.0483
623400 -5382.862
623500 -5204.9487
623600 -5186.9375
623700 -5336.7566
623800 -5584.9554
623900 -5794.9604
624000 -5811.9156
624100 -5579.2889
624200 -5266.7196
624300 -5185.3971
624400 -5425.3348
624500 -5730.9056
624600 -5834.3139
624700 -5696.9584
624800 -5446.5225
624900 -5237.9228
625000 -5174.424
625100 -5284.2003
625200 -5517.6561
625300 -5753.2179
625400 -5832.4621
625500 -5658.8032
625600 -5337.6961
625700 -5172.0028
625800 -5342.698
625900 -5663.5644
626000 -5833.1522
626100 -5750.1391
626200 -5513.322
626300 -5281.1105
626400 -5174.033
626500 -5240.4
626600 -5450.7406
626700 -5700.6346
626800 -5834.7704
626900 -5727.008
627000 -5419.833
627100 -5183.7932
627200 -5270.8208
627300 -5584.642
627400 -5813.7866
627500 -5792.6614
627600 -5580.6793
627700 -5333.1532
627800 -5185.7759
627900 -5206.7365
628000 -5386.8063
628100 -5640.1305
628200 -5819.8136
628300 -5780.2682
628400 -5506.7297
628500 -5219.7242
628600 -5215.5926
628700 -5498.9253
628800 -5776.1795
628900 -5821.8146
629000 -5645.7909
629100 -5392.3448
629200 -5209.3073
629300 -5184.2369
629400 -5328.1762
629500 -5574.6993
629600 -5789.3623
629700 -5816.2705
629800 -5592.0615
629900 -5276.6564
630000 -5181.7232
630100 -5412.1914
630200 -5721.4678
630300 -5835.288
630400 -5705.7079
630500 -5456.645
630600 -5243.9252
630700 -5173.5712
630800 -5276.8616
630900 -5507.2805
631000 -5745.7712
631100 -5833.9891
631200 -5670.1254
631300 -5349.7491
631400 -5172.1773
631500 -5330.7964
631600 -5652.0834
631700 -5831.3735
631800 -5757.4377
631900 -5523.7043
632000 -5288.5707
632100 -5175.053
632200 -5234.538
632300 -5440.6606
632400 -5691.7774
632500 -5833.5586
632600 -5736.2374
632700 -5433.0388
632800 -5187.8006
632900 -5261.1168
633000 -5571.7772
633100 -5809.1797
633200 -5798.074
633300 -5590.9034
633400 -5341.8315
633500 -5188.6388
633600 -5202.5322
633700 -5377.3977
633800 -5630.3215
633900 -5816.0886
634000 -5786.9629
634100 -5520.0965
634200 -5227.2112
634300 -5208.9023
634400 -5485.5084
634500 -5768.8389
634600 -5824.9554
634700 -5655.411
634800 -5401.9489
634900 -5213.9284
635000 -5181.8164
635100 -5319.7692
635200 -5564.3965
635300 -5783.4532
635400 -5820.1914
635500 -5604.6605
635600 -5286.9769
635700 -5178.6278
635800 -5399.1741
635900 -5711.6809
636000 -5835.8499
636100 -5714.2639
636200 -5466.8331
636300 -5250.165
636400 -5173.006
636500 -5269.7359
636600 -5496.9243
636700 -5738.0785
636800 -5835.0856
636900 -5681.1629
637000 -5362.0437
637100 -5172.9504
637200 -5319.1726
637300 -5640.342
637400 -5829.1611
637500 -5764.4738
637600 -5534.0903
637700 -5296.235
637800 -5176.3595
637900 -5228.9203
638000 -5430.6604
638100 -5682.7438
638200 -5831.9429
638300 -5745.1009
638400 -5446.3333
638500 -5192.3737
638600 -5251.8276
638700 -5558.7697
638800 -5804.1419
638900 -5803.1611
639000 -5601.0643
639100 -5350.6723
639200 -5191.7787
639300 -5198.5952
639400 -5368.1228
639500 -5620.4071
639600 -5812.0044
639700 -5793.242
639800 -5533.403
639900 -5235.182
640000 -5202.7337
640100 -5472.089
640200 -5761.0985
640300 -5827.7174
640400 -5664.8976
640500 -5411.6661
640600 -5218.8087
640700 -5179.6778
640800 -5311.5422
640900 -5554.0575
641000 -5777.2426
641100 -5823.6772
641200 -5617.0671
641300 -5297.6608
641400 -5176.1174
641500 -5386.3064
641600 -5701.5566
641700 -5835.995
641800 -5722.6156
641900 -5477.0778
642000 -5256.6377
642100 -5172.7287
642200 -5262.8285
642300 -5486.597
642400 -5730.1503
642500 -5835.7544
642600 -5691.9013
642700 -5374.5568
642800 -5174.3207
642900 -5307.8492
643000 -5628.3567
643100 -5826.5139
643200 -5771.2374
643300 -5544.47
643400 -5304.0976
643500 -5177.9516
643600 -5223.5511
643700 -5420.7487
643800 -5673.5449
643900 -5829.9292
644000 -5753.5889
644100 -5459.6928
644200 -5197.503
644300 -5242.9722
644400 -5545.6398
644500 -5798.6762
644600 -5807.9135
644700 -5611.1512
644800 -5359.6686
644900 -5195.1936
645000 -5194.9282
645100 -5358.9892
645200 -5610.3981
645300 -5807.5692
645400 -5799.1005
645500 -5546.6275
645600 -5243.6204
645700 -5197.0995
645800 -5458.69
645900 -5752.966
646000 -5830.0938
646100 -5674.2398
646200 -5421.4882
646300 -5223.9447
646400 -5177.8224
646500 -5303.5017
646600 -5543.6926
646700 -5770.7402
646800 -5826.7274
646900 -5629.263
647000 -5308.6868
647100 -5174.1974
647200 -5373.6121
647300 -5691.1073
647400 -5835.7191
647500 -5730.7523
647600 -5487.3697
647700 -5263.3385
647800 -5172.7395
647900 -5256.1446
648000 -5476.3083
648100 -5721.9971
648200 -5835.9987
648300 -5702.3267
648400 -5387.265
648500 -5176.2851
648600 -5296.848
648700 -5616.1444
648800 -5823.4311
648900 -5777.7183
649000 -5554.8333
649100 -5312.1524
649200 -5179.8282
649300 -5218.4341
649400 -5410.9341
649500 -5664.1915
649600 -5827.5237
649700 -5761.6922
649800 -5473.0942
649900 -5203.1776
650000 -5234.5683
650100 -5532.4084
650200 -5792.786
650300 -5812.3227
650400 -5621.1535
650500 -5368.8131
650600 -5198.8809
650700 -5191.5339
650800 -5350.0043
650900 -5600.3053
651000 -5802.7913
651100 -5804.5343
651200 -5559.7489
651300 -5252.5089
651400 -5192.0116
651500 -5445.3344
651600 -5744.4496
651700 -5832.0779
651800 -5683.4267
651900 -5431.4068
652000 -5229.3327
652100 -5176.2517
652200 -5295.6537
652300 -5533.3121
652400 -5763.9559
652500 -5829.342
652600 -5641.2306
652700 -5320.0336
652800 -5172.8718
652900 -5361.1145
653000 -5680.346
653100 -5835.0183
653200 -5738.6633
653300 -5497.6995
653400 -5270.2624
653500 -5173.0384
653600 -5249.6892
653700 -5466.0675
653800 -5713.6297
653900 -5835.8222
654000 -5712.4262
654100 -5400.1447
654200 -5178.8395
654300 -5286.1907
654400 -5603.7228
654500 -5819.9127
654600 -5783.9066
654700 -5565.17
654800 -5320.3931
654900 -5181.988
655000 -5213.5731
655100 -5401.2251
655200 -5654.6945
655300 -5824.7331
655400 -5769.4029
655500 -5486.5142
655600 -5209.3858
655700 -5226.6332
655800 -5519.0966
655900 -5786.4756
656000 -5816.3803
656100 -5631.0604
656200 -5378.0983
656300 -5202.838
656400 -5188.4146
656500 -5341.1755
656600 -5590.1393
656700 -5797.6796
656800 -5809.5399
656900 -5572.7464
657000 -5261.8298
657100 -5187.4806
657200 -5432.0458
657300 -5735.5583
657400 -5833.6635
657500 -5692.4473
657600 -5441.4133
657700 -5234.9688
657800 -5174.9666
657900 -5288.0045
658000 -5522.926
658100 -5756.8997
658200 -5831.5218
658300 -5652.9529
658400 -5331.6789
658500 -5172.1434
658600 -5348.8372
658700 -5669.2866
658800 -5833.8896
658900 -5746.3379
659000 -5508.0575
659100 -5277.4043
659200 -5173.6252
659300 -5243.4671
659400 -5455.884
659500 -5705.0588
659600 -5835.2292
659700 -5722.1872
659800 -5413.1723
659900 -5181.9785
660000 -5275.8982
660100 -5591.1102
660200 -5815.9592
660300 -5789.7928
660400 -5575.4696
660500 -5328.8133
660600 -5184.4295
660700 -5208.9716
660800 -5391.6299
660900 -5645.0649
661000 -5821.5642
661100 -5776.7134
661200 -5499.93
661300 -5216.1146
661400 -5219.1831
661500 -5505.7262
661600 -5779.7499
661700 -5820.0781
661800 -5640.8611
661900 -5387.5165
662000 -5207.0623
662100 -5185.5725
662200 -5332.5096
662300 -5579.9109
662400 -5792.2429
662500 -5814.1145
662600 -5585.5998
662700 -5271.5641
662800 -5183.5159
662900 -5418.8476
663000 -5726.3019
663100 -5834.8448
663200 -5701.2909
663300 -5451.499
663400 -5240.849
663500 -5173.9681
663600 -5280.5598
663700 -5512.5444
663800 -5749.5819
663900 -5833.2681
664000 -5664.4139
664100 -5343.6004
664200 -5172.0138
664300 -5336.8033
664400 -5657.9436
664500 -5832.3303
664600 -5753.7657
664700 -5518.4341
664800 -5284.7587
664900 -5174.4995
665000 -5237.4827
665100 -5445.7669
665200 -5696.2952
665300 -5834.2244
665400 -5731.5984
665500 -5426.3241
665600 -5185.6955
665700 -5265.991
665800 -5578.3253
665900 -5811.5718
666000 -5795.3672
666100 -5585.7218
666200 -5337.4064
666300 -5187.1511
666400 -5204.6327
666500 -5382.1565
666600 -5635.3135
666700 -5818.0245
666800 -5783.6169
666900 -5513.3189
667000 -5223.35
667100 -5212.2333
667200 -5492.3194
667300 -5772.6147
667400 -5823.4083
667500 -5650.5447
667600 -5397.06
667700 -5211.5506
667800 -5183.0097
667900 -5324.0138
668000 -5569.6304
668100 -5786.4904
668200 -5818.2558
668300 -5598.2893
668400 -5281.6924
668500 -5180.126
668600 -5405.7633
668700 -5716.6907
668800 -5835.6165
668900 -5709.9465
669000 -5461.6549
669100 -5246.9688
669200 -5173.2569
669300 -5273.3253
669400 -5502.1772
669500 -5742.0127
669600 -5834.5828
669700 -5675.5978
669800 -5355.7753
669900 -5172.4833
670000 -5325.0357
670100 -5646.3324
670200 -5830.3382
670300 -5760.9363
670400 -5528.8195
670500 -5292.3202
670600 -5175.6607
670700 -5231.7406
670800 -5435.725
670900 -5687.3498
671000 -5832.813
671100 -5740.6489
671200 -5439.5766
671300 -5189.9827
671400 -5256.4889
671500 -5565.3877
671600 -5806.7523
671700 -5800.6206
671800 -5595.9161
671900 -5346.1656
672000 -5190.1507
672100 -5200.5597
672200 -5372.8128
672300 -5625.4513
672400 -5814.1216
672500 -5790.1076
672600 -5526.6587
672700 -5231.0773
672800 -5205.7983
672900 -5478.8984
673000 -5765.0763
673100 -5826.3634
673200 -5660.1004
673300 -5406.7209
673400 -5216.2998
673500 -5180.7278
673600 -5315.6946
673700 -5559.3085
673800 -5780.4316
673900 -5821.9626
674000 -5610.7958
674100 -5292.1945
674200 -5177.318
674300 -5392.8167
674400 -5706.7362
674500 -5835.9737
674600 -5718.4033
674700 -5471.872
674800 -5253.3239
674900 -5172.8334
675000 -5266.3065
675100 -5491.834
675200 -5734.2027
675300 -5835.4683
675400 -5686.4897
675500 -5368.1804
675600 -5173.5508
675700 -5313.5571
675800 -5634.4688
675900 -5827.9118
676000 -5767.8395
676100 -5539.2036
676200 -5300.0829
676300 -5177.108
676400 -5226.2447
676500 -5425.7674
676600 -5678.2335
676700 -5831.0006
676800 -5749.3287
676900 -5452.906
677000 -5194.831
677100 -5247.4111
677200 -5552.3174
677300 -5801.5034
677400 -5805.5439
677500 -5606.0419
677600 -5355.0839
677700 -5193.4263
677800 -5196.7553
677900 -5363.6065
678000 -5615.4889
678100 -5809.8634
678200 -5796.1801
678300 -5539.9275
678400 -5239.2804
678500 -5199.8914
678600 -5465.4861
678700 -5757.1418
678800 -5828.9364
678900 -5669.5172
679000 -5416.4908
679100 -5221.3064
679200 -5178.7285
679300 -5307.5586
679400 -5548.9555
679500 -5774.0761
679600 -5825.2338
679700 -5623.1009
679800 -5303.0495
679900 -5175.0977
680000 -5380.0315
680100 -5696.4503
680200 -5835.912
680300 -5726.6504
680400 -5482.1411
680500 -5259.9095
680600 -5172.698
680700 -5259.5085
680800 -5481.5245
680900 -5726.1624
681000 -5835.9275
681100 -5697.0757
681200 -5380.7925
681300 -5175.2141
681400 -5302.3896
681500 -5622.3696
681600 -5825.0501
681700 -5774.4651
681800 -5549.5765
681900 -5308.0409
682000 -5178.8403
682100 -5220.9993
682200 -5415.9025
682300 -5668.9571
682400 -5828.7931
682500 -5757.6283
682600 -5466.2891
682700 -5200.2302
682800 -5238.7758
682900 -5539.1348
683000 -5795.8281
683100 -5810.1284
683200 -5616.0885
683300 -5364.1541
683400 -5196.9756
683500 -5193.2223
683600 -5354.5452
683700 -5605.4373
683800 -5805.2584
683900 -5801.8299
684000 -5553.1039
684100 -5247.9427
684200 -5194.5248
684300 -5452.1056
684400 -5748.8192
684500 -5831.1203
684600 -5678.7843
684700 -5426.3615
684800 -5226.567
684900 -5177.0132
685000 -5299.6122
685100 -5538.5817
685200 -5767.4336
685300 -5828.0694
685400 -5635.1865
685500 -5314.2363
685600 -5173.47
685700 -5367.4311
685800 -5685.8456
685900 -5835.4272
686000 -5734.6773
686100 -5492.4529
686200 -5266.7209
686300 -5172.8507
686400 -5252.9366
686500 -5471.2583
686600 -5717.9023
686700 -5835.9641
686800 -5707.3421
686900 -5393.5881
687000 -5177.4697
687100 -5291.5551
687200 -5610.052
687300 -5821.7527
687400 -5780.8031
687500 -5559.928
687600 -5316.188
687700 -5180.8566
687800 -5216.0079
687900 -5406.1388
688000 -5659.5316
688100 -5826.1971
688200 -5765.5392
688300 -5479.7025
688400 -5206.1691
688500 -5230.6007
688600 -5525.8612
688700 -5789.7304
688800 -5814.3655
688900 -5626.0451
689000 -5373.3688
689100 -5200.7962
689200 -5189.9632
689300 -5345.6363
689400 -5595.3071
689500 -5800.315
689600 -5807.0532
689700 -5566.1668
689800 -5257.0465
689900 -5189.7099
690000 -5438.7801
690100 -5740.117
690200 -5832.9089
690300 -5687.8907
690400 -5436.3244
690500 -5232.0777
690600 -5175.583
690700 -5291.8614
690800 -5528.1972
690900 -5760.5141
691000 -5830.4698
691100 -5647.0354
691200 -5325.7329
691300 -5172.4383
691400 -5355.0391
691500 -5674.9357
691600 -5834.5161
691700 -5742.4731
691800 -5502.7978
691900 -5273.7528
692000 -5173.2914
692100 -5246.5955
692200 -5461.0446
692300 -5709.4334
692400 -5835.5819
692500 -5717.2764
692600 -5406.5436
692700 -5180.3128
692800 -5281.0748
692900 -5597.5339
693000 -5818.0199
693100 -5786.8438
693200 -5570.2477
693300 -5324.5179
693400 -5183.1553
693500 -5211.2743
693600 -5396.4848
693700 -5649.968
693800 -5823.2192
693900 -5773.0537
694000 -5493.1233
694100 -5212.6354
694200 -5222.9025
694300 -5512.5178
694400 -5783.2148
694500 -5818.2469
694600 -5635.9011
694700 -5382.7205
694800 -5204.8852
694900 -5186.9801
695000 -5336.8868
695100 -5585.1091
695200 -5795.0421
695300 -5811.8468
695400 -5579.0958
695500 -5266.5734
695600 -5185.4567
695700 -5425.533
695800 -5731.0446
695900 -5834.2961
696000 -5696.8255
696100 -5446.371
696200 -5237.8345
696300 -5174.439
696400 -5284.3122
696500 -5517.812
696600 -5753.3278
696700 -5832.4359
696800 -5658.631
696900 -5337.517
697000 -5172.0047
697100 -5342.8788
697200 -5663.7348
697300 -5833.1756
697400 -5750.0275
697500 -5513.1662
697600 -5281
697700 -5174.0199
697800 -5240.4898
697900 -5450.8926
698000 -5700.7662
698100 -5834.7855
698200 -5726.8666
698300 -5419.6354
698400 -5183.7374
698500 -5270.9696
698600 -5584.8341
698700 -5813.8525
698800 -5792.5776
698900 -5580.5253
699000 -5333.0242
699100 -5185.735
699200 -5206.8017
699300 -5386.9486
699400 -5640.277
699500 -5819.8668
699600 -5780.1645
699700 -5506.5286
699800 -5219.6155
699900 -5215.697
700000 -5499.1267
700100 -5776.2867
700200 -5821.7646
700300 -5645.6454
700400 -5392.2014
700500 -5209.2399
700600 -5184.2754
700700 -5328.3039
700800 -5574.8537
700900 -5789.4488
701000 -5816.2083
701100 -5591.8709
701200 -5276.5042
701300 -5181.7741
701400 -5412.388
701500 -5721.6121
701600 -5835.2764
701700 -5705.5779
701800 -5456.4924
701900 -5243.8332
702000 -5173.5819
702100 -5276.9703
702200 -5507.4363
702300 -5745.8849
702400 -5833.9694
702500 -5669.9574
702600 -5349.5662
702700 -5172.1702
702800 -5330.9732
702900 -5652.2578
703000 -5831.4034
703100 -5757.33
703200 -5523.5483
703300 -5288.4571
703400 -5175.0356
703500 -5234.6242
703600 -5440.8114
703700 -5691.9117
703800 -5833.5798
703900 -5736.1014
704000 -5432.8397
704100 -5187.7362
704200 -5261.2595
704300 -5571.9715
704400 -5809.2521
704500 -5797.9951
704600 -5590.7503
704700 -5341.6999
704800 -5188.5937
704900 -5202.5934
705000 -5377.5381
705001 -5449.6926

