
12001 -6513.5573
12100 -6536.4706
12200 -6600.458
12300 -6627.5697
12400 -6590.0338
12500 -6532.716
12600 -6514.8983
12700 -6554.0016
12800 -6611.2414
12900 -6624.7907
13000 -6574.7018
13100 -6518.9938
13200 -6529.7423
13300 -6592.6769
13400 -6627.9833
13500 -6597.4432
13600 -6538.9528
13700 -6513.7691
13800 -6546.5975
13900 -6605.0678
14000 -6626.9915
14100 -6583.4109
14200 -6523.4481
14300 -6524.0096
14400 -6584.3493
14500 -6627.1577
14600 -6604.3476
14700 -6545.8126
14800 -6513.7102
14900 -6539.6768
15000 -6598.2277
15100 -6627.9535
15200 -6591.787
15300 -6529.0621
15400 -6519.4218
15500 -6575.667
15600 -6625.0919
15700 -6610.6012
15800 -6553.1701
15900 -6514.7227
16000 -6533.366
16100 -6590.8664
16200 -6627.675
16300 -6599.6369
16400 -6535.6892
16500 -6516.0993
16600 -6566.8344
16700 -6621.8125
16800 -6616.0673
16900 -6560.8896
17000 -6516.789
17100 -6527.7789
17200 -6583.1356
17300 -6626.1807
17400 -6606.7844
17500 -6543.1585
17600 -6514.1295
17700 -6558.0642
17800 -6617.3747
17900 -6620.6222
18000 -6568.8263
18100 -6519.8729
18200 -6523.0155
18300 -6575.1911
18400 -6623.5209
18500 -6613.0743
18600 -6551.2791
18700 -6513.5647
18800 -6549.5716
18900 -6611.8619
19000 -6624.1577
19100 -6576.829
19200 -6523.9203
19300 -6519.1603
19400 -6567.1894
19500 -6619.7685
19600 -6618.375
19700 -6559.846
19800 -6514.4199
19900 -6541.5682
20000 -6605.3847
20100 -6626.5839
20200 -6584.7425
20300 -6528.8599
20400 -6516.2811
20500 -6559.285
20600 -6615.0175
20700 -6622.5812
20800 -6568.6465
20900 -6516.6723
21000 -6534.2565
21100 -6598.0798
21200 -6627.8323
21300 -6592.4102
21400 -6534.6039
21500 -6514.4285
21600 -6551.6282
21700 -6609.3794
21800 -6625.6154
21900 -6577.4654
22000 -6520.2625
22001 -6514.7828

