
12001 -5873.8773
12100 -5974.1292
12200 -6326.5945
12300 -6597.0443
12400 -6585.4631
12500 -6350.6847
12600 -6067.6657
12700 -5893.0943
12800 -5908.1492
12900 -6106.2054
13000 -6393.3989
13100 -6604.985
13200 -6572.9703
13300 -6270.5906
13400 -5937.3865
13500 -5915.1433
13600 -6228.5695
13700 -6550.9507
13800 -6615.757
13900 -6423.8808
14000 -6136.0336
14100 -5921.995
14200 -5884.8055
14300 -6040.8613
14400 -6318.4806
14500 -6567.7003
14600 -6610.4231
14700 -6366.5448
14800 -6005.5463
14900 -5881.1319
15000 -6130.5682
15100 -6485.7888
15200 -6627.8639
15300 -6490.6077
15400 -6209.7798
15500 -5963.3134
15600 -5874.9897
15700 -5984.1713
15800 -6241.8499
15900 -6515.9889
16000 -6627.0499
16100 -6453.2634
16200 -6090.9944
16300 -5875.0809
16400 -6039.8609
16500 -6404.5737
16600 -6619.9823
16700 -6547.4722
16800 -6286.1813
16900 -6015.7795
17000 -5878.9898
17100 -5937.9727
17200 -6166.6331
17300 -6453.0115
17400 -6623.2046
17500 -6525.6515
17600 -6186.8166
17700 -5897.5269
17800 -5963.623
17900 -6311.8083
18000 -6591.2789
18100 -6591.2067
18200 -6362.2174
18300 -6077.7225
18400 -5896.6886
18500 -5903.7054
18600 -6095.6859
18700 -6382.1288
18800 -6600.3102
18900 -6580.0587
19000 -6285.6955
19100 -5946.4876
19200 -5908.1917
19300 -6213.33
19400 -6542.1194
19500 -6618.8547
19600 -6434.6405
19700 -6147.0806
19800 -5927.564
19900 -5882.4055
20000 -6031.5366
20100 -6306.7354
20200 -6560.6165
20300 -6614.3374
20400 -6380.6143
20500 -6017.7161
20600 -5878.341
20700 -6115.9709
20800 -6474.2567
20900 -6627.9858
21000 -6500.0714
21100 -6221.4201
21200 -5970.6881
21300 -5874.7042
21400 -5976.3491
21500 -6230.1246
21600 -6506.9612
21700 -6627.7658
21800 -6465.4277
21900 -6105.2267
22000 -5876.6981
22001 -5880.7658
