
12001 -5641.0923
12100 -5678.7935
12200 -5786.2629
12300 -5835.8265
12400 -5780.8384
12500 -5686.0848
12600 -5641.2054
12700 -5684.8632
12800 -5779.474
12900 -5835.7191
13000 -5787.7117
13100 -5680.1729
13200 -5644.6638
13300 -5728.0394
13400 -5822.6279
13500 -5821.0263
13600 -5735.612
13700 -5654.8702
13800 -5651.0962
13900 -5727.5022
14000 -5816.1951
14100 -5826.7925
14200 -5737.4016
14300 -5647.6967
14400 -5672.823
14500 -5779.5656
14600 -5835.9909
14700 -5786.8564
14800 -5691.7272
14900 -5641.4685
15000 -5679.5258
15100 -5773.2314
15200 -5834.9208
15300 -5794.032
15400 -5686.5928
15500 -5642.8603
15600 -5720.4272
15700 -5818.6754
15800 -5824.5269
15900 -5742.2824
16000 -5658.3763
16100 -5648.4421
16200 -5720.939
16300 -5811.8193
16400 -5829.6376
16500 -5745.0503
16600 -5650.8345
16700 -5667.266
16800 -5772.6017
16900 -5835.6293
17000 -5792.6563
17100 -5697.5927
17200 -5642.1611
17300 -5674.4629
17400 -5766.8398
17500 -5833.6145
17600 -5800.0052
17700 -5693.332
17800 -5641.6807
17900 -5712.91
18000 -5814.2509
18100 -5827.5971
18200 -5748.952
18300 -5662.2441
18400 -5646.1896
18500 -5714.4719
18600 -5807.0901
18700 -5831.9652
18800 -5752.6381
18900 -5654.5397
19000 -5662.161
19100 -5765.4113
19200 -5834.738
19300 -5798.2079
19400 -5703.6563
19500 -5643.2803
19600 -5669.6956
19700 -5760.3306
19800 -5831.8124
19900 -5805.5992
20000 -5700.3449
20100 -5641.1336
20200 -5705.5366
20300 -5809.3752
20400 -5830.2163
20500 -5755.5896
20600 -5666.4578
20700 -5644.3478
20800 -5708.1294
20900 -5802.0342
21000 -5833.7678
21100 -5760.1184
21200 -5658.7859
21300 -5657.5436
21400 -5758.0365
21500 -5833.3161
21600 -5803.4817
21700 -5709.8918
21800 -5644.8219
21900 -5665.2436
22000 -5753.7354
22001 -5776.8863

