
12001 -6406.6415
12100 -6449.4591
12200 -6571.5132
12300 -6627.8029
12400 -6565.3524
12500 -6457.7398
12600 -6406.7699
12700 -6456.3524
12800 -6563.8029
12900 -6627.6809
13000 -6573.1585
13100 -6451.0256
13200 -6410.6976
13300 -6505.3881
13400 -6612.8131
13500 -6610.9942
13600 -6513.9884
13700 -6422.289
13800 -6418.0029
13900 -6504.778
14000 -6605.5074
14100 -6617.543
14200 -6516.0208
14300 -6414.1421
14400 -6442.6782
14500 -6563.9069
14600 -6627.9897
14700 -6572.1871
14800 -6464.148
14900 -6407.0687
15000 -6450.2906
15100 -6556.7131
15200 -6626.7743
15300 -6580.3366
15400 -6458.3169
15500 -6408.6493
15600 -6496.7427
15700 -6608.3242
15800 -6614.97
15900 -6521.5641
16000 -6426.2711
16100 -6414.9886
16200 -6497.324
16300 -6600.5377
16400 -6620.7742
16500 -6524.7076
16600 -6417.7058
16700 -6436.367
16800 -6555.9978
16900 -6627.579
17000 -6578.7743
17100 -6470.8096
17200 -6407.8552
17300 -6444.5406
17400 -6549.4539
17500 -6625.2907
17600 -6587.1204
17700 -6465.9707
17800 -6407.3097
17900 -6488.2053
18000 -6603.2992
18100 -6618.4568
18200 -6529.1389
18300 -6430.6638
18400 -6412.4304
18500 -6489.9791
18600 -6595.1666
18700 -6623.4177
18800 -6533.3253
18900 -6421.9138
19000 -6430.5692
19100 -6547.8315
19200 -6626.5667
19300 -6585.0794
19400 -6477.6962
19500 -6409.1264
19600 -6439.1263
19700 -6542.0613
19800 -6623.244
19900 -6593.4737
20000 -6473.9355
20100 -6406.6883
20200 -6479.8312
20300 -6597.7617
20400 -6621.4315
20500 -6536.6774
20600 -6435.4494
20700 -6410.3386
20800 -6482.7758
20900 -6589.4244
21000 -6625.465
21100 -6541.8208
21200 -6426.7363
21300 -6425.3251
21400 -6539.4558
21500 -6624.9518
21600 -6591.0689
21700 -6484.7779
21800 -6410.8772
21900 -6434.07
22000 -6534.5709
22001 -6560.8637

