
12001 -5171.9897
12100 -5260.2623
12200 -5570.6104
12300 -5808.7433
12400 -5798.546
12500 -5591.822
12600 -5342.6218
12700 -5188.9104
12800 -5202.1664
12900 -5376.5562
13000 -5629.4321
13100 -5815.7351
13200 -5787.546
13300 -5521.2986
13400 -5227.91
13500 -5208.3248
13600 -5484.2987
13700 -5768.1575
13800 -5825.22
13900 -5656.2716
14000 -5402.8201
14100 -5214.3577
14200 -5181.6121
14300 -5319.0203
14400 -5563.466
14500 -5782.9057
14600 -5820.5234
14700 -5605.7869
14800 -5287.9252
14900 -5178.3774
15000 -5398.0079
15100 -5710.7821
15200 -5835.8802
15300 -5715.0252
15400 -5467.7542
15500 -5250.7389
15600 -5172.9692
15700 -5269.1043
15800 -5495.9922
15900 -5737.3734
16000 -5835.1634
16100 -5682.1432
16200 -5363.1629
16300 -5173.0495
16400 -5318.1394
16500 -5639.2716
16600 -5828.9404
16700 -5765.0947
16800 -5535.0262
16900 -5296.9356
17000 -5176.4913
17100 -5228.4262
17200 -5429.7633
17300 -5681.9214
17400 -5831.7777
17500 -5745.8815
17600 -5447.535
17700 -5192.8134
17800 -5251.0115
17900 -5557.591
18000 -5803.6668
18100 -5803.6032
18200 -5601.9766
18300 -5351.4769
18400 -5192.0753
18500 -5198.2535
18600 -5367.2937
18700 -5619.5087
18800 -5811.6189
18900 -5793.7873
19000 -5534.5985
19100 -5235.9236
19200 -5202.2038
19300 -5470.8802
19400 -5760.3815
19500 -5827.9475
19600 -5665.7456
19700 -5412.5471
19800 -5219.2612
19900 -5179.4989
20000 -5310.8098
20100 -5553.1243
20200 -5776.6684
20300 -5823.97
20400 -5618.1752
20500 -5298.6408
20600 -5175.9201
20700 -5385.1549
20800 -5700.628
20900 -5835.9875
21000 -5723.358
21100 -5478.0036
21200 -5257.2323
21300 -5172.7178
21400 -5262.2169
21500 -5485.668
21600 -5729.4245
21700 -5835.7938
21800 -5692.854
21900 -5375.6945
22000 -5174.4734
22001 -5178.0551
