0 0
1 0
1 0
100001 0
100001 0
200001 0
200001 0
205001 0
205001 -5873.8773
205100 -5974.1292
205200 -6326.5945
205300 -6597.0443
205400 -6585.4631
205500 -6350.6847
205600 -6067.6657
205700 -5893.0943
205800 -5908.1492
205900 -6106.2054
206000 -6393.3989
206100 -6604.985
206200 -6572.9703
206300 -6270.5906
206400 -5937.3865
206500 -5915.1433
206600 -6228.5695
206700 -6550.9507
206800 -6615.757
206900 -6423.8808
207000 -6136.0336
207100 -5921.995
207200 -5884.8055
207300 -6040.8613
207400 -6318.4806
207500 -6567.7003
207600 -6610.4231
207700 -6366.5448
207800 -6005.5463
207900 -5881.1319
208000 -6130.5682
208100 -6485.7888
208200 -6627.8639
208300 -6490.6077
208400 -6209.7798
208500 -5963.3134
208600 -5874.9897
208700 -5984.1713
208800 -6241.8499
208900 -6515.9889
209000 -6627.0499
209100 -6453.2634
209200 -6090.9944
209300 -5875.0809
209400 -6039.8609
209500 -6404.5737
209600 -6619.9823
209700 -6547.4722
209800 -6286.1813
209900 -6015.7795
210000 -5878.9898
210100 -5937.9727
210200 -6166.6331
210300 -6453.0115
210400 -6623.2046
210500 -6525.6515
210600 -6186.8166
210700 -5897.5269
210800 -5963.623
210900 -6311.8083
211000 -6591.2789
211100 -6591.2067
211200 -6362.2174
211300 -6077.7225
211400 -5896.6886
211500 -5903.7054
211600 -6095.6859
211700 -6382.1288
211800 -6600.3102
211900 -6580.0587
212000 -6285.6955
212100 -5946.4876
212200 -5908.1917
212300 -6213.33
212400 -6542.1194
212500 -6618.8547
212600 -6434.6405
212700 -6147.0806
212800 -5927.564
212900 -5882.4055
213000 -6031.5366
213100 -6306.7354
213200 -6560.6165
213300 -6614.3374
213400 -6380.6143
213500 -6017.7161
213600 -5878.341
213700 -6115.9709
213800 -6474.2567
213900 -6627.9858
214000 -6500.0714
214100 -6221.4201
214200 -5970.6881
214300 -5874.7042
214400 -5976.3491
214500 -6230.1246
214600 -6506.9612
214700 -6627.7658
214800 -6465.4277
214900 -6105.2267
215000 -5876.6981
215100 -6027.0327
215200 -6390.9378
215300 -6616.9313
215400 -6555.1252
215500 -6297.9684
215600 -6024.7291
215700 -5880.8271
215800 -5931.9004
215900 -6155.3859
216000 -6442.5478
216100 -6620.8773
216200 -6535.2524
216300 -6201.9946
216400 -5903.4086
216500 -5953.6112
216600 -6296.8852
216700 -6585.0278
216800 -6596.5694
216900 -6373.6651
217000 -6087.9552
217100 -5900.5949
217200 -5899.5685
217300 -6085.3276
217400 -6370.7525
217500 -6595.2376
217600 -6586.669
217700 -6300.7052
217800 -5956.118
217900 -5901.8483
218000 -6198.116
218100 -6532.8435
218200 -6621.5137
218300 -6445.2352
218400 -6158.2459
218500 -5933.4229
218600 -5880.3275
218700 -6022.4243
218800 -6294.9618
218900 -6553.2023
219000 -6617.7569
219100 -6394.4427
219200 -6030.2724
219300 -5876.2211
219400 -6101.5729
219500 -6462.3568
219600 -6627.629
219700 -6509.2897
219800 -6233.113
219900 -5978.3213
220000 -5874.746
220100 -5968.7813
220200 -6218.4441
220300 -6497.6792
220400 -6628
220500 -6477.2352
220600 -6119.6782
220700 -5878.9897
220800 -6014.5728
220900 -6377.046
221000 -6613.3855
221100 -6562.4561
221200 -6309.7358
221300 -6033.8963
221400 -5882.9875
221500 -5926.1151
221600 -6144.2499
221700 -6431.9099
221800 -6618.1056
221900 -6544.4157
222000 -6217.2177
222100 -5909.9085
222200 -5944.114
222300 -6281.8489
222400 -6578.295
222500 -6601.5413
222600 -6385.0155
222700 -6098.3554
222800 -5904.8103
222900 -5895.7416
223000 -6075.1391
223100 -6359.282
223200 -6589.7768
223300 -6592.7965
223400 -6315.5956
223500 -5966.258
223600 -5896.1264
223700 -6182.9537
223800 -6523.1326
223900 -6623.7265
224000 -6455.6523
224100 -6169.52
224200 -5939.5677
224300 -5878.5728
224400 -6013.5314
224500 -6283.1715
224600 -6545.469
224700 -6620.6818
224800 -6408.0101
224900 -6043.1906
225000 -5874.7766
225100 -6087.4007
225200 -6450.1039
225300 -6626.7895
225400 -6518.2505
225500 -6244.848
225600 -5986.2075
225700 -5875.1149
225800 -5961.4735
225900 -6206.8191
226000 -6488.1549
226100 -6627.7567
226200 -6488.6711
226300 -6134.322
226400 -5881.9509
226500 -6002.5055
226600 -6362.9182
226700 -6609.345
226800 -6569.4538
226900 -6321.4719
227000 -6043.274
227100 -5885.4693
227200 -5920.6208
227300 -6133.2345
227400 -6421.11
227500 -6614.8972
227600 -6553.1321
227700 -6232.4595
227800 -5917.013
227900 -5935.151
228000 -6266.7236
228100 -6571.0855
228200 -6606.1131
228300 -6396.2565
228400 -6108.9147
228500 -5909.332
228600 -5892.2273
228700 -6065.1284
228800 -6347.7295
228900 -6583.9376
229000 -6598.4374
229100 -6330.3431
229200 -5976.887
229300 -5891.038
229400 -6167.8699
229500 -6512.9968
229600 -6625.4862
229700 -6465.8795
229800 -6180.893
229900 -5945.9939
230000 -5877.1426
230100 -6004.8647
230200 -6271.3759
230300 -6537.428
230400 -6623.113
230500 -6421.2973
230600 -6056.4456
230700 -5874.0107
230800 -6073.4811
230900 -6437.5139
231000 -6625.4637
231100 -6526.9419
231200 -6256.6141
231300 -5994.3406
231400 -5875.8108
231500 -5954.4311
231600 -6195.2599
231700 -6478.4006
231800 -6627.0409
231900 -6499.7216
232000 -6149.1314
232100 -5885.5754
232200 -5990.8547
232300 -6348.5754
232400 -6604.8105
232500 -6576.1073
232600 -6333.165
232700 -6052.855
232800 -5888.2709
232900 -5915.4215
233000 -6122.3492
233100 -6410.1606
233200 -6611.2599
233300 -6561.3933
233400 -6247.6942
233500 -5924.7075
233600 -5926.7403
233700 -6251.534
233800 -6563.4049
233900 -6610.2754
234000 -6407.3757
234100 -6119.6243
234200 -5914.1567
234300 -5889.0281
234400 -6055.3036
234500 -6336.1071
234600 -6577.7304
234700 -6603.5885
234800 -6344.925
234900 -5987.9836
235000 -5886.5938
235100 -6152.8911
235200 -6502.4473
235300 -6626.7862
235400 -6475.9045
235500 -6192.355
235600 -5952.6967
235700 -5876.038
235800 -5996.431
235900 -6259.5865
236000 -6529.0909
236100 -6625.052
236200 -6434.2859
236300 -6070.012
236400 -5873.9248
236500 -6059.8403
236600 -6424.6034
236700 -6623.6486
236800 -6535.3519
236900 -6268.4002
237000 -6002.7145
237100 -5876.8332
237200 -5947.6592
237300 -6183.7771
237400 -6468.4286
237500 -6625.8578
237600 -6510.3735
237700 -6164.0795
237800 -5889.8555
237900 -5979.6436
238000 -6334.0389
238100 -6599.7834
238200 -6582.4058
238300 -6344.8031
238400 -6062.6316
238500 -5891.3903
238600 -5910.5209
238700 -6111.603
238800 -6399.074
238900 -6607.2023
239000 -6569.1917
239100 -6262.8961
239200 -5932.976
239300 -5918.8995
239400 -6236.3052
239500 -6555.2598
239600 -6614.0195
239700 -6418.3609
239800 -6130.4753
239900 -5919.2809
240000 -5886.1461
240100 -6045.6726
240200 -6324.4268
240300 -6571.1655
240400 -6608.2475
240500 -6359.3187
240600 -5999.5256
240700 -5882.8031
240800 -6138.0442
240900 -6491.4962
241000 -6627.6205
241100 -6485.7149
241200 -6203.8958
241300 -5959.6714
241400 -5875.2597
241500 -5988.2365
241600 -6247.8143
241700 -6520.4694
241800 -6626.501
241900 -6446.9584
242000 -6083.8637
242100 -5874.5193
242200 -6046.5043
242300 -6411.3899
242400 -6621.3417
242500 -6543.4687
242600 -6280.1953
242700 -6011.323
242800 -5878.1813
242900 -5941.1628
243000 -6172.3807
243100 -6458.2512
243200 -6624.2136
243300 -6520.6148
243400 -6179.1394
243500 -5894.7824
243600 -5968.8946
243700 -6319.331
243800 -6594.2658
243900 -6588.3387
244000 -6356.3743
244100 -6072.5961
244200 -5894.8253
244300 -5905.9225
244400 -6101.005
244500 -6387.8626
244600 -6602.733
244700 -6576.5207
244800 -6278.04
244900 -5941.8014
245000 -5911.6446
245100 -6221.0627
245200 -6546.6575
245300 -6617.3369
245400 -6429.1997
245500 -6141.4587
245600 -5924.7012
245700 -5883.5834
245800 -6036.2429
245900 -6312.7005
246000 -6564.2536
246100 -6612.4127
246200 -6373.5027
246300 -6011.49
246400 -5879.6739
246500 -6123.356
246600 -6480.1563
246700 -6627.9834
246800 -6495.2984
246900 -6215.5053
247000 -5966.9127
247100 -5874.8082
247200 -5980.2875
247300 -6236.0704
247400 -6511.5754
247500 -6627.4629
247600 -6459.2978
247700 -6097.9746
247800 -5875.7928
247900 -6033.4987
248000 -6397.8914
248100 -6618.5415
248200 -6551.2808
248300 -6291.988
248400 -6020.1595
248500 -5879.8542
248600 -5934.9466
248700 -6161.0807
248800 -6447.8808
248900 -6622.1144
249000 -6530.4339
249100 -6194.2843
249200 -5900.3455
249300 -5958.6292
249400 -6304.4745
249500 -6588.2608
249600 -6593.896
249700 -6367.8666
249800 -6082.7406
249900 -5898.5736
250000 -5901.6295
250100 -6090.5639
250200 -6376.5386
250300 -6597.8611
250400 -6583.3742
250500 -6293.101
250600 -5951.1656
250700 -5904.9908
250800 -6205.8324
250900 -6537.6061
251000 -6620.2195
251100 -6439.8797
251200 -6152.5652
251300 -5930.4135
251400 -5881.3418
251500 -6027.0219
251600 -6300.9398
251700 -6557.0057
251800 -6616.0833
251900 -6387.456
252000 -6023.8531
252100 -5877.2128
252200 -6108.8535
252300 -6468.4412
252400 -6627.8702
252500 -6504.6427
252600 -6227.1728
252700 -5974.4154
252800 -5874.6839
252900 -5972.5899
253000 -6224.3659
253100 -6502.4209
253200 -6627.9411
253300 -6471.2883
253400 -6112.3182
253500 -5877.7426
253600 -6020.8488
253700 -6384.127
253800 -6615.2469
253900 -6558.7765
254000 -6303.7669
254100 -6029.2171
254200 -5881.8508
254300 -5929.0151
254400 -6149.887
254500 -6437.3298
254600 -6619.5673
254700 -6539.8205
254800 -6209.4878
254900 -5906.5332
255000 -5948.8684
255100 -6289.4927
255200 -6581.7719
255300 -6599.0674
255400 -6379.2679
255500 -6093.0568
255600 -5902.6325
255700 -5897.6449
255800 -6080.2882
255900 -6365.1144
256000 -6592.5961
256100 -6589.7473
256200 -6308.0549
256300 -5961.0494
256400 -5898.9519
256500 -6190.6406
256600 -6528.1147
256700 -6622.6597
256800 -6450.3884
256900 -6163.7853
257000 -5936.4137
257100 -5879.4228
257200 -6018.0167
257300 -6289.1566
257400 -6549.433
257500 -6619.2591
257600 -6401.1583
257700 -6036.5908
257800 -5875.4251
257900 -6094.5634
258000 -6456.3655
258100 -6627.2762
258200 -6513.7357
258300 -6238.8878
258400 -5982.1739
258500 -5874.8868
258600 -5965.1495
258700 -6212.7113
258800 -6493.0181
258900 -6627.9395
259000 -6482.9146
259100 -6126.8678
259200 -5880.3647
259300 -6008.5792
259400 -6370.1164
259500 -6611.4574
259600 -6565.9447
259700 -6315.5204
259800 -6038.4889
259900 -5884.1697
260000 -5923.3726
260100 -6138.8092
260200 -6426.6105
260300 -6616.5796
260400 -6548.7648
260500 -6224.7234
260600 -5913.3327
260700 -5939.6319
260800 -6274.4095
260900 -6574.8036
261000 -6603.8435
261100 -6390.566
261200 -6103.5364
261300 -5906.9991
261400 -5893.9717
261500 -6070.1862
261600 -6353.602
261700 -6586.9477
261800 -6595.6356
261900 -6322.8779
262000 -5971.4329
262100 -5893.5406
262200 -6175.5136
262300 -6518.1932
262400 -6624.6502
262500 -6460.7136
262600 -6175.1093
262700 -5942.6976
262800 -5877.8278
262900 -6009.2344
263000 -6277.3623
263100 -6541.5467
263200 -6621.9407
263300 -6414.5901
263400 -6049.678
263500 -5874.3145
263600 -6080.5123
263700 -6443.9446
263800 -6626.1976
263900 -6522.5653
264000 -6250.6394
264100 -5990.1824
264200 -5875.4168
264300 -5957.9717
264400 -6201.1174
264500 -6483.379
264600 -6627.4629
264700 -6494.1624
264800 -6141.5965
264900 -5883.6534
265000 -5996.7141
265100 -6355.8801
265200 -6607.1735
265300 -6572.7742
265400 -6327.2367
265500 -6047.9676
265600 -5886.8092
265700 -5918.0231
265800 -6127.8568
265900 -6415.7355
266000 -6613.1589
266100 -6557.258
266200 -6239.9649
266300 -5920.7297
266400 -5930.9387
266500 -6259.2494
266600 -6567.3614
266700 -6608.2147
266800 -6401.7485
266900 -6114.1708
267000 -5911.6704
267100 -5890.6122
267200 -6060.2661
267300 -6342.0136
267400 -6580.926
267500 -6601.0356
267600 -6337.5467
267700 -5982.2949
267800 -5888.7682
267900 -6160.4782
268000 -6507.8523
268100 -6626.1843
268200 -6470.8428
268300 -6186.5274
268400 -5949.2607
268500 -5876.5579
268600 -6000.6817
268700 -6265.5683
268800 -6533.3583
268900 -6624.1293
269000 -6427.7325
269100 -6063.0896
269200 -5873.8834
269300 -6066.7267
269400 -6431.1946
269500 -6624.6311
269600 -6531.1196
269700 -6262.4168
269800 -5998.4349
269900 -5876.2736
270000 -5951.0619
270100 -6189.5946
270200 -6473.5159
270300 -6626.5163
270400 -6505.0181
270500 -6156.4775
270600 -5887.6019
270700 -5985.277
270800 -6341.4391
270900 -6602.3962
271000 -6579.2542
271100 -6338.9042
271200 -6057.6459
271300 -5889.7676
271400 -5912.9705
271500 -6117.0389
271600 -6404.7169
271700 -6609.3136
271800 -6565.2922
271900 -6255.1867
272000 -5928.709
272100 -5922.8065
272200 -6244.0373
272300 -6559.4511
272400 -6612.1722
272500 -6412.8033
272600 -6124.9512
272700 -5916.6431
272800 -5887.5689
272900 -6050.5358
273000 -6330.3612
273100 -6574.5413
273200 -6605.9446
273300 -6352.0386
273400 -5993.6137
273500 -5884.6447
273600 -6145.561
273700 -6497.1035
273800 -6627.2556
273900 -6480.7636
274000 -6198.0295
274100 -5956.098
274200 -5875.6139
274300 -5992.365
274400 -6253.7859
274500 -6524.8797
274600 -6625.8267
274700 -6440.5676
274800 -6076.7998
274900 -5874.1326
275000 -6053.2327
275100 -6418.1327
275200 -6622.574
275300 -6539.3867
275400 -6274.2088
275500 -6006.9252
275600 -5877.4564
275700 -5944.4251
275800 -6178.153
275900 -6463.4412
276000 -6625.1053
276100 -6515.4693
276200 -6171.484
276300 -5892.2017
276400 -5974.2907
276500 -6326.8155
276600 -6597.1272
276700 -6585.374
276800 -6350.5109
276900 -6067.516
277000 -5893.0427
277100 -5908.2182
277200 -6106.3646
277300 -6393.5673
277400 -6605.0521
277500 -6572.8602
277600 -6270.3631
277700 -5937.2539
277800 -5915.2523
277900 -6228.7985
278000 -6551.0799
278100 -6615.7072
278200 -6423.718
278300 -6135.8686
278400 -5921.9136
278500 -5884.844
278600 -6041.0029
278700 -6318.6567
278800 -6567.8041
278900 -6610.3606
279000 -6366.3317
279100 -6005.3666
279200 -5881.1789
279300 -6130.7889
279400 -6485.9592
279500 -6627.8584
279600 -6490.4638
279700 -6209.6054
279800 -5963.2046
279900 -5874.9965
280000 -5984.2907
280100 -6242.0263
280200 -6516.1225
280300 -6627.0354
280400 -6453.0781
280500 -6090.7825
280600 -5875.0618
280700 -6040.0563
280800 -6404.7764
280900 -6620.0244
281000 -6547.3549
281100 -6286.0041
281200 -6015.6468
281300 -5878.9646
281400 -5938.0661
281500 -6166.8029
281600 -6453.1672
281700 -6623.2362
281800 -6525.504
281900 -6186.5891
282000 -5897.4433
282100 -5963.7772
282200 -6312.0315
282300 -6591.3691
282400 -6591.1232
282500 -6362.0448
282600 -6077.5702
282700 -5896.6323
282800 -5903.7699
282900 -6095.8427
283000 -6382.2989
283100 -6600.3834
283200 -6579.9557
283300 -6285.4693
283400 -5946.347
283500 -5908.2917
283600 -6213.5588
283700 -6542.2553
283800 -6618.8114
283900 -6434.4801
284000 -6146.9138
284100 -5927.4782
284200 -5882.4392
284300 -6031.6751
284400 -6306.912
284500 -6560.7254
284600 -6614.2823
284700 -6380.4047
284800 -6017.5304
284900 -5878.378
285000 -6116.1888
285100 -6474.4327
285200 -6627.9875
285300 -6499.931
285400 -6221.2448
285500 -5970.5754
285600 -5874.7061
285700 -5976.4648
285800 -6230.3005
285900 -6507.0987
286000 -6627.7586
286100 -6465.2476
286200 -6105.0113
286300 -5876.6688
286400 -6027.2227
286500 -6391.1446
286600 -6616.9808
286700 -6555.0126
286800 -6297.7915
286900 -6024.593
287000 -5880.7971
287100 -5931.9895
287200 -6155.5541
287300 -6442.7063
287400 -6620.9155
287500 -6535.1114
287600 -6201.7662
287700 -5903.3156
287800 -5953.7578
287900 -6297.1103
288000 -6585.1253
288100 -6596.4917
288200 -6373.4938
288300 -6087.8002
288400 -5900.5339
288500 -5899.6284
288600 -6085.482
288700 -6370.9241
288800 -6595.3167
288900 -6586.5732
289000 -6300.4806
289100 -5955.9695
289200 -5901.939
289300 -6198.3442
289400 -6532.9861
289500 -6621.4771
289600 -6445.0773
289700 -6158.0774
289800 -5933.3328
289900 -5880.3563
290000 -6022.5595
290100 -6295.1388
290200 -6553.3161
290300 -6617.7092
290400 -6394.2369
290500 -6030.081
290600 -5876.248
290700 -6101.7875
290800 -6462.5382
290900 -6627.638
291000 -6509.1531
291100 -6232.937
291200 -5978.2048
291300 -5874.7429
291400 -5968.8931
291500 -6218.6192
291600 -6497.8204
291700 -6628
291800 -6477.0605
291900 -6119.4596
292000 -5878.9503
292100 -6014.7571
292200 -6377.2564
292300 -6613.4424
292400 -6562.3484
292500 -6309.5593
292600 -6033.757
292700 -5882.9526
292800 -5926.1998
292900 -6144.4163
293000 -6432.0709
293100 -6618.1505
293200 -6544.2813
293300 -6216.9888
293400 -5909.8063
293500 -5944.2528
293600 -6282.0755
293700 -6578.3997
293800 -6601.4696
293900 -6384.8458
294000 -6098.198
294100 -5904.7447
294200 -5895.7968
294300 -6075.2908
294400 -6359.4549
294500 -6589.8616
294600 -6592.7081
294700 -6315.3729
294800 -5966.102
294900 -5896.2077
295000 -6183.181
295100 -6523.2816
295200 -6623.6966
295300 -6455.4972
295400 -6169.3499
295500 -5939.4733
295600 -5878.5967
295700 -6013.6633
295800 -6283.3487
295900 -6545.5875
296000 -6620.6415
296100 -6407.8083
296200 -6042.994
296300 -5874.7933
296400 -6087.6118
296500 -6450.2905
296600 -6626.8057
296700 -6518.1179
296800 -6244.6715
296900 -5986.0872
297000 -5875.107
297100 -5961.5814
297200 -6206.9932
297300 -6488.2997
297400 -6627.7639
297500 -6488.5021
297600 -6134.1008
297700 -5881.9015
297800 -6002.6837
297900 -6363.1321
298000 -6609.4094
298100 -6569.3512
298200 -6321.2959
298300 -6043.1316
298400 -5885.4296
298500 -5920.7012
298600 -6133.399
298700 -6421.2734
298800 -6614.9485
298900 -6553.0045
299000 -6232.2306
299100 -5916.9019
299200 -5935.2816
299300 -6266.9514
299400 -6571.1973
299500 -6606.0474
299600 -6396.0885
299700 -6108.7549
299800 -5909.2618
299900 -5892.2778
300000 -6065.2774
300100 -6347.9036
300200 -6584.0281
300300 -6598.3563
300400 -6330.1228
300500 -5976.7238
300600 -5891.1097
300700 -6168.0957
300800 -6513.1521
300900 -6625.4632
301000 -6465.7274
301100 -6180.7215
301200 -5945.8953
301300 -5877.1617
301400 -6004.9932
301500 -6271.5531
301600 -6537.551
301700 -6623.0801
301800 -6421.0999
301900 -6056.2441
302000 -5874.0172
302100 -6073.6882
302200 -6437.7055
302300 -6625.4872
302400 -6526.8134
302500 -6256.4371
302600 -5994.2166
302700 -5875.7979
302800 -5954.5349
302900 -6195.433
303000 -6478.5488
303100 -6627.0551
303200 -6499.5585
303300 -6148.9079
303400 -5885.516
303500 -5991.0265
303600 -6348.7923
303700 -6604.8823
303800 -6576.0099
303900 -6332.9897
304000 -6052.7096
304100 -5888.2264
304200 -5915.4974
304300 -6122.5117
304400 -6410.3261
304500 -6611.3177
304600 -6561.2726
304700 -6247.4655
304800 -5924.5877
304900 -5926.8625
305000 -6251.7625
305100 -6563.5237
305200 -6610.216
305300 -6407.2096
305400 -6119.4623
305500 -5914.082
305600 -5889.0738
305700 -6055.4498
305800 -6336.2822
305900 -6577.8263
306000 -6603.5147
306100 -6344.7073
306200 -5987.8136
306300 -5886.6558
306400 -6153.1152
306500 -6502.6088
306600 -6626.7701
306700 -6475.7555
306800 -6192.1822
306900 -5952.594
307000 -5876.0522
307100 -5996.5559
307200 -6259.7635
307300 -6529.2183
307400 -6625.0265
307500 -6434.0931
307600 -6069.806
307700 -5873.9211
307800 -6060.043
307900 -6424.7997
308000 -6623.6795
308100 -6535.2277
308200 -6268.2231
308300 -6002.587
308400 -5876.8154
308500 -5947.7589
308600 -6183.9489
308700 -6468.5799
308800 -6625.879
308900 -6510.2165
309000 -6163.854
309100 -5889.7864
309200 -5979.8087
309300 -6334.2586
309400 -6599.8625
309500 -6582.3138
309600 -6344.6287
309700 -6062.4833
309800 -5891.3411
309900 -5910.5923
310000 -6111.7634
310100 -6399.2415
310200 -6607.2663
310300 -6569.078
310400 -6262.6681
310500 -5932.8476
310600 -5919.013
310700 -6236.5341
310800 -6555.3855
310900 -6613.9664
311000 -6418.1969
311100 -6130.3113
311200 -5919.2018
311300 -5886.187
311400 -6045.8158
311500 -6324.6026
311600 -6571.2667
311700 -6608.1811
311800 -6359.104
311900 -5999.349
312000 -5882.8552
312100 -6138.2661
312200 -6491.6636
312300 -6627.6114
312400 -6485.5692
312500 -6203.722
312600 -5959.5646
312700 -5875.269
312800 -5988.3578
312900 -6247.9909
313000 -6520.6009
313100 -6626.4829
313200 -6446.7705
313300 -6083.6537
313400 -5874.5053
313500 -6046.7022
313600 -6411.5905
313700 -6621.38
313800 -6543.349
313900 -6280.0181
314000 -6011.192
314100 -5878.1586
314200 -5941.2583
314300 -6172.5512
314400 -6458.4055
314500 -6624.2416
314600 -6520.464
314700 -6178.9125
314800 -5894.7036
314900 -5969.0525
315000 -6319.5531
315100 -6594.3523
315200 -6588.2524
315300 -6356.2011
315400 -6072.4451
315500 -5894.7714
315600 -5905.9893
315700 -6101.1631
315800 -6388.0319
315900 -6602.8031
316000 -6576.4141
316100 -6277.8131
316200 -5941.6648
316300 -5911.7492
316400 -6221.2916
316500 -6546.79
316600 -6617.2903
316700 -6429.038
316800 -6141.2928
316900 -5924.6176
317000 -5883.6195
317100 -6036.383
317200 -6312.8769
317300 -6564.3599
317400 -6612.3538
317500 -6373.2913
317600 -6011.3073
317700 -5879.716
317800 -6123.5753
317900 -6480.3294
318000 -6627.9815
318100 -6495.1562
318200 -6215.3304
318300 -5966.802
318400 -5874.8126
318500 -5980.4051
318600 -6236.2466
318700 -6511.711
318800 -6627.452
318900 -6459.115
319000 -6097.7609
319100 -5875.7687
319200 -6033.6915
319300 -6398.0962
319400 -6618.5872
319500 -6551.1657
319600 -6291.811
319700 -6020.0251
319800 -5879.8267
319900 -5935.0379
320000 -6161.2497
320100 -6448.038
320200 -6622.1493
320300 -6530.2896
320400 -6194.0563
320500 -5900.2573
320600 -5958.7798
320700 -6304.6986
320800 -6588.3546
320900 -6593.8153
321000 -6367.6947
321100 -6082.5869
321200 -5898.515
321300 -5901.6917
321400 -6090.7195
321500 -6376.7095
321600 -6597.9372
321700 -6583.2748
321800 -6292.8755
321900 -5951.021
322000 -5905.0862
322100 -6206.061
322200 -6537.7453
322300 -6620.1795
322400 -6439.7205
322500 -6152.3975
322600 -5930.3255
322700 -5881.3731
322800 -6027.1588
322900 -6301.1167
323000 -6557.117
323100 -6616.0318
323200 -6387.2482
323300 -6023.6646
323400 -5877.2448
323500 -6109.0698
323600 -6468.6199
323700 -6627.8754
323800 -6504.5042
323900 -6226.9972
324000 -5974.3008
324100 -5874.6833
324200 -5972.7037
324300 -6224.5413
324400 -6502.5603
324500 -6627.9375
324600 -6471.1108
324700 -6112.1012
324800 -5877.7084
324900 -6021.036
325000 -6384.3356
325100 -6615.3
325200 -6558.6663
325300 -6303.5901
325400 -6029.0794
325500 -5881.8184
325600 -5929.1021
325700 -6150.0543
325800 -6437.4896
325900 -6619.6089
326000 -6539.6827
326100 -6209.2591
326200 -5906.4357
326300 -5949.0112
326400 -6289.7185
326500 -6581.8729
326600 -6598.9926
326700 -6379.0974
326800 -6092.9006
326900 -5902.5692
327000 -5897.7025
327100 -6080.4413
327200 -6365.2866
327300 -6592.678
327400 -6589.6552
327500 -6307.8312
327600 -5960.8972
327700 -5899.038
327800 -6190.8684
327900 -6528.2605
328000 -6622.6264
328100 -6450.2319
328200 -6163.616
328300 -5936.3215
328400 -5879.4493
328500 -6018.1504
328600 -6289.3337
328700 -6549.5491
328800 -6619.2151
328900 -6400.9545
329000 -6036.3968
329100 -5875.4469
329200 -6094.7763
329300 -6456.5495
329400 -6627.2887
329500 -6513.601
329600 -6238.7115
329700 -5982.0555
329800 -5874.8813
329900 -5965.2593
330000 -6212.886
330100 -6493.1611
330200 -6627.9431
330300 -6482.7427
330400 -6126.6478
330500 -5880.3204
330600 -6008.7606
330700 -6370.3286
330800 -6611.518
330900 -6565.8395
331000 -6315.3441
331100 -6038.348
331200 -5884.1324
331300 -5923.4552
331400 -6138.9747
331500 -6426.7727
331600 -6616.6277
331700 -6548.6337
331800 -6224.4944
331900 -5913.2261
332000 -5939.7667
332100 -6274.6367
332200 -6574.9118
332300 -6603.7747
332400 -6390.3971
332500 -6103.3778
332600 -5906.9313
332700 -5894.0245
332800 -6070.3366
332900 -6353.7755
333000 -6587.0353
333100 -6595.5508
333200 -6322.6563
333300 -5971.2733
333400 -5893.6172
333500 -6175.7403
333600 -6518.3454
333700 -6624.6237
333800 -6460.5599
333900 -6174.9385
334000 -5942.6012
334100 -5877.8494
334200 -6009.3647
334300 -6277.5395
334400 -6541.6674
334500 -6621.9041
334600 -6414.3904
334700 -6049.479
334800 -5874.3261
334900 -6080.7214
335000 -6444.1336
335100 -6626.2174
335200 -6522.4347
335300 -6250.4627
335400 -5990.0603
335500 -5875.4064
335600 -5958.0776
335700 -6201.2911
335800 -6483.5255
335900 -6627.4735
336000 -6493.9963
336100 -6141.3741
336200 -5883.5991
336300 -5996.8892
336400 -6356.0955
336500 -6607.2415
336600 -6572.6742
336700 -6327.0611
336800 -6047.8237
336900 -5886.7672
337000 -5918.1013
337100 -6128.0203
337200 -6415.8999
337300 -6613.2135
337400 -6557.1338
337500 -6239.7361
337600 -5920.6143
337700 -5931.0651
337800 -6259.4776
337900 -6567.4766
338000 -6608.1521
338100 -6401.5815
338200 -6114.0099
338300 -5911.598
338400 -5890.6603
338500 -6060.4137
338600 -6342.1882
338700 -6581.0192
338800 -6600.9581
338900 -6337.3276
339000 -5982.1283
339100 -5888.8351
339200 -6160.7032
339300 -6508.0107
339400 -6626.1646
339500 -6470.6922
339600 -6186.3552
339700 -5949.16
339800 -5876.5745
339900 -6000.8084
340000 -6265.7454
340100 -6533.4835
340200 -6624.1001
340300 -6427.5373
340400 -6062.8859
340500 -5873.8848
340600 -6066.9317
340700 -6431.3885
340800 -6624.6582
340900 -6530.9932
341000 -6262.2398
341100 -5998.3092
341200 -5876.2583
341300 -5951.1637
341400 -6189.7671
341500 -6473.6657
341600 -6626.5339
341700 -6504.858
341800 -6156.253
341900 -5887.5377
342000 -5985.4455
342100 -6341.6575
342200 -6602.4716
342300 -6579.1595
342400 -6338.7294
342500 -6057.4991
342600 -5889.7208
342700 -5913.0441
342800 -6117.2003
342900 -6404.8835
343000 -6609.3745
343100 -6565.175
343200 -6254.9583
343300 -5928.5849
343400 -5922.9245
343500 -6244.2661
343600 -6559.5734
343700 -6612.1158
343800 -6412.6383
343900 -6124.7882
344000 -5916.5662
344100 -5887.6123
344200 -6050.6805
344300 -6330.5366
344400 -6574.6398
344500 -6605.8745
344600 -6351.8223
344700 -5993.4404
344800 -5884.7018
344900 -6145.784
345000 -6497.2679
345100 -6627.243
345200 -6480.6162
345300 -6197.8562
345400 -5955.9933
345500 -5875.6256
345600 -5992.4882
345700 -6253.9628
345800 -6525.0091
345900 -6625.8048
346000 -6440.3771
346100 -6076.5917
346200 -5874.1238
346300 -6053.4332
346400 -6418.3311
346500 -6622.6086
346600 -6539.2647
346700 -6274.0316
346800 -6006.7959
346900 -5877.4363
347000 -5944.5227
347100 -6178.3242
347200 -6463.5941
347300 -6625.1299
347400 -6515.3154
347500 -6171.2578
347600 -5892.1279
347700 -5974.4523
347800 -6327.0364
347900 -6597.21
348000 -6585.2848
348100 -6350.3371
348200 -6067.3664
348300 -5892.9912
348400 -5908.2874
348500 -6106.5238
348600 -6393.7357
348700 -6605.1191
348800 -6572.75
348900 -6270.1356
349000 -5937.1215
349100 -5915.3614
349200 -6229.0275
349300 -6551.209
349400 -6615.6572
349500 -6423.5551
349600 -6135.7036
349700 -5921.8322
349800 -5884.8825
349900 -6041.1446
350000 -6318.8329
350100 -6567.9079
350200 -6610.2979
350300 -6366.1186
350400 -6005.187
350500 -5881.226
350600 -6131.0096
350700 -6486.1294
350800 -6627.8529
350900 -6490.3198
351000 -6209.4311
351100 -5963.0959
351200 -5875.0033
351300 -5984.4101
351400 -6242.2027
351500 -6516.2561
351600 -6627.0209
351700 -6452.8926
351800 -6090.5705
351900 -5875.0428
352000 -6040.2517
352100 -6404.9792
352200 -6620.0664
352300 -6547.2374
352400 -6285.827
352500 -6015.5141
352600 -5878.9396
352700 -5938.1595
352800 -6166.9727
352900 -6453.323
353000 -6623.2676
353100 -6525.3564
353200 -6186.3616
353300 -5897.3599
353400 -5963.9316
353500 -6312.2546
353600 -6591.4592
353700 -6591.0396
353800 -6361.8721
353900 -6077.4178
354000 -5896.5761
354100 -5903.8344
354200 -6095.9996
354300 -6382.469
354400 -6600.4565
354500 -6579.8527
354600 -6285.243
354700 -5946.2064
354800 -5908.3918
354900 -6213.7876
355000 -6542.3912
355100 -6618.768
355200 -6434.3196
355300 -6146.747
355400 -5927.3924
355500 -5882.473
355600 -6031.8137
355700 -6307.0887
355800 -6560.8342
355900 -6614.227
356000 -6380.195
356100 -6017.3447
356200 -5878.4151
356300 -6116.4067
356400 -6474.6086
356500 -6627.9891
356600 -6499.7906
356700 -6221.0696
356800 -5970.4628
356900 -5874.708
357000 -5976.5804
357100 -6230.4763
357200 -6507.2362
357300 -6627.7513
357400 -6465.0674
357500 -6104.7958
357600 -5876.6396
357700 -6027.4129
357800 -6391.3513
357900 -6617.0301
358000 -6554.8999
358100 -6297.6145
358200 -6024.457
358300 -5880.7672
358400 -5932.0787
358500 -6155.7222
358600 -6442.8648
358700 -6620.9537
358800 -6534.9703
358900 -6201.5378
359000 -5903.2228
359100 -5953.9046
359200 -6297.3353
359300 -6585.2226
359400 -6596.4139
359500 -6373.3225
359600 -6087.6453
359700 -5900.473
359800 -5899.6883
359900 -6085.6364
360000 -6371.0957
360100 -6595.3957
360200 -6586.4774
360300 -6300.2559
360400 -5955.8212
360500 -5902.0299
360600 -6198.5724
360700 -6533.1286
360800 -6621.4403
360900 -6444.9194
361000 -6157.9089
361100 -5933.2427
361200 -5880.3852
361300 -6022.6949
361400 -6295.3158
361500 -6553.4298
361600 -6617.6614
361700 -6394.031
361800 -6029.8897
361900 -5876.275
362000 -6102.0023
362100 -6462.7195
362200 -6627.6468
362300 -6509.0164
362400 -6232.7611
362500 -5978.0883
362600 -5874.74
362700 -5969.0049
362800 -6218.7943
362900 -6497.9616
363000 -6627.9999
363100 -6476.8858
363200 -6119.2411
363300 -5878.911
363400 -6014.9415
363500 -6377.4669
363600 -6613.4993
363700 -6562.2407
363800 -6309.3827
363900 -6033.6178
364000 -5882.9179
364100 -5926.2847
364200 -6144.5827
364300 -6432.2319
364400 -6618.1953
364500 -6544.1468
364600 -6216.7599
364700 -5909.7043
364800 -5944.3917
364900 -6282.3021
365000 -6578.5043
365100 -6601.3977
365200 -6384.676
365300 -6098.0406
365400 -5904.6792
365500 -5895.8521
365600 -6075.4426
365700 -6359.6278
365800 -6589.9464
365900 -6592.6195
366000 -6315.1502
366100 -5965.9461
366200 -5896.2892
366300 -6183.4082
366400 -6523.4305
366500 -6623.6666
366600 -6455.342
366700 -6169.1798
366800 -5939.379
366900 -5878.6208
367000 -6013.7953
367100 -6283.5259
367200 -6545.7059
367300 -6620.6011
367400 -6407.6065
367500 -6042.7974
367600 -5874.8102
367700 -6087.823
367800 -6450.477
367900 -6626.8218
368000 -6517.9852
368100 -6244.4949
368200 -5985.9669
368300 -5875.0991
368400 -5961.6892
368500 -6207.1674
368600 -6488.4444
368700 -6627.7709
368800 -6488.3331
368900 -6133.8796
369000 -5881.8522
369100 -6002.8621
369200 -6363.3459
369300 -6609.4736
369400 -6569.2485
369500 -6321.1199
369600 -6042.9893
369700 -5885.3901
369800 -5920.7816
369900 -6133.5636
370000 -6421.4367
370100 -6614.9998
370200 -6552.8768
370300 -6232.0016
370400 -5916.7909
370500 -5935.4123
370600 -6267.1791
370700 -6571.309
370800 -6605.9817
370900 -6395.9205
371000 -6108.5952
371100 -5909.1917
371200 -5892.3283
371300 -6065.4265
371400 -6348.0776
371500 -6584.1185
371600 -6598.275
371700 -6329.9024
371800 -5976.5607
371900 -5891.1816
372000 -6168.3216
372100 -6513.3074
372200 -6625.44
372300 -6465.5752
372400 -6180.55
372500 -5945.7967
372600 -5877.1808
372700 -6005.1217
372800 -6271.7303
372900 -6537.674
373000 -6623.0471
373100 -6420.9024
373200 -6056.0427
373300 -5874.0238
373400 -6073.8954
373500 -6437.8969
373600 -6625.5107
373700 -6526.6848
373800 -6256.2602
373900 -5994.0927
374000 -5875.7851
374100 -5954.6387
374200 -6195.6061
374300 -6478.6969
374400 -6627.0692
374500 -6499.3953
374600 -6148.6844
374700 -5885.4569
374800 -5991.1985
374900 -6349.0092
375000 -6604.9539
375100 -6575.9125
375200 -6332.8144
375300 -6052.5642
375400 -5888.1821
375500 -5915.5734
375600 -6122.6742
375700 -6410.4916
375800 -6611.3754
375900 -6561.1518
376000 -6247.2369
376100 -5924.4679
376200 -5926.9848
376300 -6251.991
376400 -6563.6425
376500 -6610.1564
376600 -6407.0435
376700 -6119.3004
376800 -5914.0073
376900 -5889.1196
377000 -6055.596
377100 -6336.4572
377200 -6577.9221
377300 -6603.4409
377400 -6344.4895
377500 -5987.6436
377600 -5886.7178
377700 -6153.3393
377800 -6502.7702
377900 -6626.7539
378000 -6475.6064
378100 -6192.0094
378200 -5952.4914
378300 -5876.0664
378400 -5996.6809
378500 -6259.9404
378600 -6529.3456
378700 -6625.0009
378800 -6433.9003
378900 -6069.6001
379000 -5873.9175
379100 -6060.2458
379200 -6424.9958
379300 -6623.7102
379400 -6535.1034
379500 -6268.046
379600 -6002.4595
379700 -5876.7977
379800 -5947.8586
379900 -6184.1208
380000 -6468.7312
380100 -6625.9001
380200 -6510.0595
380300 -6163.6286
380400 -5889.7175
380500 -5979.9738
380600 -6334.4782
380700 -6599.9416
380800 -6582.2218
380900 -6344.4544
381000 -6062.3351
381100 -5891.292
381200 -5910.6637
381300 -6111.9238
381400 -6399.409
381500 -6607.3302
381600 -6568.9643
381700 -6262.4401
381800 -5932.7194
381900 -5919.1266
382000 -6236.763
382100 -6555.5112
382200 -6613.9132
382300 -6418.033
382400 -6130.1473
382500 -5919.1227
382600 -5886.228
382700 -6045.959
382800 -6324.7785
382900 -6571.3678
383000 -6608.1147
383100 -6358.8892
383200 -5999.1726
383300 -5882.9074
383400 -6138.488
383500 -6491.831
383600 -6627.6022
383700 -6485.4234
383800 -6203.5481
383900 -5959.4579
384000 -5875.2783
384100 -5988.4792
384200 -6248.1676
384300 -6520.7324
384400 -6626.4646
384500 -6446.5824
384600 -6083.4437
384700 -5874.4915
384800 -6046.9002
384900 -6411.7911
385000 -6621.4182
385100 -6543.2293
385200 -6279.841
385300 -6011.061
385400 -5878.136
385500 -5941.3539
385600 -6172.7217
385700 -6458.5598
385800 -6624.2696
385900 -6520.3132
386000 -6178.6856
386100 -5894.625
386200 -5969.2106
386300 -6319.7752
386400 -6594.4387
386500 -6588.1659
386600 -6356.0278
386700 -6072.2941
386800 -5894.7176
386900 -5906.0562
387000 -6101.3212
387100 -6388.2011
387200 -6602.8732
387300 -6576.3074
387400 -6277.5861
387500 -5941.5283
387600 -5911.8539
387700 -6221.5206
387800 -6546.9225
387900 -6617.2436
388000 -6428.8763
388100 -6141.1269
388200 -5924.5341
388300 -5883.6557
388400 -6036.5232
388500 -6313.0533
388600 -6564.4662
388700 -6612.2948
388800 -6373.0799
388900 -6011.1246
389000 -5879.7582
389100 -6123.7947
389200 -6480.5025
389300 -6627.9795
389400 -6495.0139
389500 -6215.1556
389600 -5966.6913
389700 -5874.817
389800 -5980.5227
389900 -6236.4227
390000 -6511.8465
390100 -6627.4411
390200 -6458.9321
390300 -6097.5472
390400 -5875.7447
390500 -6033.8844
390600 -6398.3009
390700 -6618.6328
390800 -6551.0506
390900 -6291.6339
391000 -6019.8907
391100 -5879.7992
391200 -5935.1292
391300 -6161.4187
391400 -6448.1951
391500 -6622.184
391600 -6530.1452
391700 -6193.8284
391800 -5900.1692
391900 -5958.9304
392000 -6304.9228
392100 -6588.4482
392200 -6593.7346
392300 -6367.5226
392400 -6082.4333
392500 -5898.4565
392600 -5901.754
392700 -6090.8752
392800 -6376.8803
392900 -6598.0132
393000 -6583.1753
393100 -6292.65
393200 -5950.8766
393300 -5905.1818
393400 -6206.2896
393500 -6537.8845
393600 -6620.1394
393700 -6439.5612
393800 -6152.2299
393900 -5930.2376
394000 -5881.4045
394100 -6027.2958
394200 -6301.2935
394300 -6557.2282
394400 -6615.9802
394500 -6387.0404
394600 -6023.4761
394700 -5877.277
394800 -6109.2862
394900 -6468.7985
395000 -6627.8805
395100 -6504.3656
395200 -6226.8215
395300 -5974.1863
395400 -5874.6829
395500 -5972.8175
395600 -6224.7168
395700 -6502.6996
395800 -6627.9337
395900 -6470.9333
396000 -6111.8842
396100 -5877.6742
396200 -6021.2234
396300 -6384.5442
396400 -6615.3531
396500 -6558.556
396600 -6303.4134
396700 -6028.9418
396800 -5881.7861
396900 -5929.1891
397000 -6150.2217
397100 -6437.6493
397200 -6619.6503
397300 -6539.5449
397400 -6209.0305
397500 -5906.3384
397600 -5949.1541
397700 -6289.9444
397800 -6581.9738
397900 -6598.9178
398000 -6378.9268
398100 -6092.7444
398200 -5902.5061
398300 -5897.7601
398400 -6080.5944
398500 -6365.4589
398600 -6592.7599
398700 -6589.5629
398800 -6307.6075
398900 -5960.7451
399000 -5899.1243
399100 -6191.0962
399200 -6528.4062
399300 -6622.5929
399400 -6450.0753
399500 -6163.4467
399600 -5936.2293
399700 -5879.4758
399800 -6018.2841
399900 -6289.5108
400000 -6549.6651
400100 -6619.1709
400200 -6400.7505
400300 -6036.2029
400400 -5875.469
400500 -6094.9893
400600 -6456.7334
400700 -6627.3011
400800 -6513.4663
400900 -6238.5353
401000 -5981.9372
401100 -5874.8759
401200 -5965.3692
401300 -6213.0606
401400 -6493.304
401500 -6627.9465
401600 -6482.5707
401700 -6126.4279
401800 -5880.2762
401900 -6008.942
402000 -6370.5407
402100 -6611.5785
402200 -6565.7342
402300 -6315.1678
402400 -6038.2073
402500 -5884.0953
402600 -5923.5378
402700 -6139.1403
402800 -6426.9349
402900 -6616.6757
403000 -6548.5026
403100 -6224.2655
403200 -5913.1197
403300 -5939.9016
403400 -6274.8639
403500 -6575.0199
403600 -6603.7058
403700 -6390.2282
403800 -6103.2193
403900 -5906.8635
404000 -5894.0774
404100 -6070.4871
404200 -6353.949
404300 -6587.1229
404400 -6595.4658
404500 -6322.4347
404600 -5971.1138
404700 -5893.6939
404800 -6175.9669
404900 -6518.4975
405000 -6624.597
405100 -6460.4062
405200 -6174.7677
405300 -5942.5048
405400 -5877.871
405500 -6009.495
405600 -6277.7166
405700 -6541.788
405800 -6621.8674
405900 -6414.1907
406000 -6049.28
406100 -5874.338
406200 -6080.9307
406300 -6444.3226
406400 -6626.2371
406500 -6522.304
406600 -6250.286
406700 -5989.9382
406800 -5875.3961
406900 -5958.1835
407000 -6201.4647
407100 -6483.6719
407200 -6627.4841
407300 -6493.8301
407400 -6141.1516
407500 -5883.545
407600 -5997.0644
407700 -6356.3109
407800 -6607.3094
407900 -6572.5741
408000 -6326.8854
408100 -6047.6799
408200 -5886.7252
408300 -5918.1795
408400 -6128.1839
408500 -6416.0643
408600 -6613.2679
408700 -6557.0095
408800 -6239.5072
408900 -5920.499
409000 -5931.1917
409100 -6259.7057
409200 -6567.5918
409300 -6608.0894
409400 -6401.4144
409500 -6113.8491
409600 -5911.5257
409700 -5890.7085
409800 -6060.5614
409900 -6342.3627
410000 -6581.1122
410100 -6600.8805
410200 -6337.1084
410300 -5981.9618
410400 -5888.9022
410500 -6160.9283
410600 -6508.1689
410700 -6626.1449
410800 -6470.5415
410900 -6186.1831
411000 -5949.0595
411100 -5876.5913
411200 -6000.9352
411300 -6265.9225
411400 -6533.6086
411500 -6624.0707
411600 -6427.3421
411700 -6062.6822
411800 -5873.8864
411900 -6067.1367
412000 -6431.5823
412100 -6624.6853
412200 -6530.8668
412300 -6262.0627
412400 -5998.1835
412500 -5876.2431
412600 -5951.2655
412700 -6189.9396
412800 -6473.8154
412900 -6626.5515
413000 -6504.6978
413100 -6156.0285
413200 -5887.4737
413300 -5985.6142
413400 -6341.8758
413500 -6602.5469
413600 -6579.0647
413700 -6338.5545
413800 -6057.3523
413900 -5889.6741
414000 -5913.1179
414100 -6117.3618
414200 -6405.0499
414300 -6609.4352
414400 -6565.0576
414500 -6254.7299
414600 -5928.4609
414700 -5923.0425
414800 -6244.4948
414900 -6559.6955
415000 -6612.0594
415100 -6412.4732
415200 -6124.6253
415300 -5916.4894
415400 -5887.6557
415500 -6050.8252
415600 -6330.7121
415700 -6574.7383
415800 -6605.8043
415900 -6351.606
416000 -5993.2672
416100 -5884.7591
416200 -6146.0071
416300 -6497.4322
416400 -6627.2302
416500 -6480.4687
416600 -6197.6828
416700 -5955.8886
416800 -5875.6375
416900 -5992.6114
417000 -6254.1396
417100 -6525.1385
417200 -6625.7828
417300 -6440.1866
417400 -6076.3838
417500 -5874.1152
417600 -6053.6336
417700 -6418.5294
417800 -6622.643
417900 -6539.1426
418000 -6273.8544
418100 -6006.6667
418200 -5877.4162
418300 -5944.6204
418400 -6178.4955
418500 -6463.7469
418600 -6625.1544
418700 -6515.1613
418800 -6171.0316
418900 -5892.0541
419000 -5974.614
419100 -6327.2572
419200 -6597.2926
419300 -6585.1955
419400 -6350.1632
419500 -6067.2168
419600 -5892.9397
419700 -5908.3566
419800 -6106.6831
419900 -6393.9041
420000 -6605.1861
420100 -6572.6397
420200 -6269.9081
420300 -5936.9891
420400 -5915.4707
420500 -6229.2565
420600 -6551.338
420700 -6615.6072
420800 -6423.3922
420900 -6135.5387
421000 -5921.751
421100 -5884.9212
421200 -6041.2864
421300 -6319.009
421400 -6568.0116
421500 -6610.2351
421600 -6365.9054
421700 -6005.0074
421800 -5881.2733
421900 -6131.2303
422000 -6486.2996
422100 -6627.8472
422200 -6490.1757
422300 -6209.2567
422400 -5962.9873
422500 -5875.0103
422600 -5984.5296
422700 -6242.3792
422800 -6516.3895
422900 -6627.0062
423000 -6452.7071
423100 -6090.3587
423200 -5875.0239
423300 -6040.4473
423400 -6405.1818
423500 -6620.1082
423600 -6547.12
423700 -6285.6498
423800 -6015.3815
423900 -5878.9146
424000 -5938.253
424100 -6167.1424
424200 -6453.4787
424300 -6623.2989
424400 -6525.2087
424500 -6186.1342
424600 -5897.2766
424700 -5964.086
424800 -6312.4777
424900 -6591.5492
425000 -6590.956
425100 -6361.6994
425200 -6077.2655
425300 -5896.5199
425400 -5903.899
425500 -6096.1565
425600 -6382.6391
425700 -6600.5295
425800 -6579.7495
425900 -6285.0167
426000 -5946.066
426100 -5908.492
426200 -6214.0164
426300 -6542.527
426400 -6618.7245
426500 -6434.1591
426600 -6146.5802
426700 -5927.3067
426800 -5882.5068
426900 -6031.9523
427000 -6307.2653
427100 -6560.9429
427200 -6614.1717
427300 -6379.9853
427400 -6017.1592
427500 -5878.4524
427600 -6116.6247
427700 -6474.7844
427800 -6627.9905
427900 -6499.6501
428000 -6220.8943
428100 -5970.3502
428200 -5874.71
428300 -5976.6962
428400 -6230.6521
428500 -6507.3736
428600 -6627.7439
428700 -6464.8871
428800 -6104.5805
428900 -5876.6106
429000 -6027.6031
429100 -6391.558
429200 -6617.0794
429300 -6554.7871
429400 -6297.4376
429500 -6024.321
429600 -5880.7374
429700 -5932.1679
429800 -6155.8904
429900 -6443.0232
430000 -6620.9918
430100 -6534.8291
430200 -6201.3095
430300 -5903.1301
430400 -5954.0514
430500 -6297.5603
430600 -6585.3199
430700 -6596.336
430800 -6373.1512
430900 -6087.4904
431000 -5900.4122
431100 -5899.7483
431200 -6085.7908
431300 -6371.2672
431400 -6595.4746
431500 -6586.3814
431600 -6300.0312
431700 -5955.6729
431800 -5902.1209
431900 -6198.8007
432000 -6533.271
432100 -6621.4034
432200 -6444.7614
432300 -6157.7404
432400 -5933.1527
432500 -5880.4142
432600 -6022.8302
432700 -6295.4928
432800 -6553.5434
432900 -6617.6134
433000 -6393.825
433100 -6029.6986
433200 -5876.3021
433300 -6102.217
433400 -6462.9007
433500 -6627.6555
433600 -6508.8797
433700 -6232.5851
433800 -5977.9719
433900 -5874.737
434000 -5969.1168
434100 -6218.9694
434200 -6498.1027
434300 -6627.9997
434400 -6476.711
434500 -6119.0226
434600 -5878.872
434700 -6015.126
434800 -6377.6772
434900 -6613.556
435000 -6562.1328
435100 -6309.2061
435200 -6033.4786
435300 -5882.8832
435400 -5926.3696
435500 -6144.7492
435600 -6432.3929
435700 -6618.2399
435800 -6544.0123
435900 -6216.5311
436000 -5909.6024
436100 -5944.5307
436200 -6282.5286
436300 -6578.6087
436400 -6601.3258
436500 -6384.5062
436600 -6097.8833
436700 -5904.6138
436800 -5895.9074
436900 -6075.5944
437000 -6359.8007
437100 -6590.0311
437200 -6592.5308
437300 -6314.9275
437400 -5965.7904
437500 -5896.3708
437600 -6183.6355
437700 -6523.5794
437800 -6623.6365
437900 -6455.1869
438000 -6169.0097
438100 -5939.2847
438200 -5878.6449
438300 -6013.9273
438400 -6283.703
438500 -6545.8242
438600 -6620.5606
438700 -6407.4046
438800 -6042.601
438900 -5874.8272
439000 -6088.0342
439100 -6450.6634
439200 -6626.8378
439300 -6517.8524
439400 -6244.3184
439500 -5985.8467
439600 -5875.0913
439700 -5961.7972
439800 -6207.3416
439900 -6488.5891
440000 -6627.7779
440100 -6488.164
440200 -6133.6584
440300 -5881.8031
440400 -6003.0405
440500 -6363.5596
440600 -6609.5377
440700 -6569.1458
440800 -6320.9439
440900 -6042.847
441000 -5885.3506
441100 -5920.8621
441200 -6133.7282
441300 -6421.6
441400 -6615.051
441500 -6552.749
441600 -6231.7726
441700 -5916.6801
441800 -5935.5431
441900 -6267.4068
442000 -6571.4206
442100 -6605.9158
442200 -6395.7524
442300 -6108.4355
442400 -5909.1217
442500 -5892.3789
442600 -6065.5756
442700 -6348.2517
442800 -6584.2088
442900 -6598.1937
443000 -6329.682
443100 -5976.3978
443200 -5891.2536
443300 -6168.5475
443400 -6513.4625
443500 -6625.4168
443600 -6465.4229
443700 -6180.3785
443800 -5945.6983
443900 -5877.2001
444000 -6005.2503
444100 -6271.9074
444200 -6537.7968
444300 -6623.014
444400 -6420.7048
444500 -6055.8414
444600 -5874.0306
444700 -6074.1026
444800 -6438.0883
444900 -6625.534
445000 -6526.5562
445100 -6256.0833
445200 -5993.9688
445300 -5875.7724
445400 -5954.7427
445500 -6195.7792
445600 -6478.8449
445700 -6627.0832
445800 -6499.2321
445900 -6148.4609
446000 -5885.3979
446100 -5991.3705
446200 -6349.226
446300 -6605.0255
446400 -6575.815
446500 -6332.6391
446600 -6052.4189
446700 -5888.1378
446800 -5915.6494
446900 -6122.8368
447000 -6410.6571
447100 -6611.433
447200 -6561.0309
447300 -6247.0082
447400 -5924.3483
447500 -5927.1072
447600 -6252.2195
447700 -6563.7611
447800 -6610.0968
447900 -6406.8774
448000 -6119.1385
448100 -5913.9328
448200 -5889.1654
448300 -6055.7423
448400 -6336.6322
448500 -6578.0179
448600 -6603.3669
448700 -6344.2717
448800 -5987.4738
448900 -5886.7801
449000 -6153.5634
449100 -6502.9315
449200 -6626.7376
449300 -6475.4573
449400 -6191.8367
449500 -5952.3888
449600 -5876.0808
449700 -5996.8059
449800 -6260.1174
449900 -6529.4728
450000 -6624.9752
450100 -6433.7073
450200 -6069.3943
450300 -5873.9141
450400 -6060.4486
450500 -6425.1919
450600 -6623.7409
450700 -6534.9791
450800 -6267.8688
450900 -6002.3321
451000 -5876.7801
451100 -5947.9585
451200 -6184.2927
451300 -6468.8825
451400 -6625.9211
451500 -6509.9023
451600 -6163.4033
451700 -5889.6487
451800 -5980.139
451900 -6334.6978
452000 -6600.0205
452100 -6582.1297
452200 -6344.28
452300 -6062.1869
452400 -5891.2429
452500 -5910.7353
452600 -6112.0842
452700 -6399.5764
452800 -6607.3941
452900 -6568.8504
453000 -6262.2121
453100 -5932.5913
453200 -5919.2403
453300 -6236.9919
453400 -6555.6367
453500 -6613.8599
453600 -6417.8689
453700 -6129.9834
453800 -5919.0436
453900 -5886.2691
454000 -6046.1023
454100 -6324.9543
454200 -6571.4689
454300 -6608.0481
454400 -6358.6744
454500 -5998.9962
454600 -5882.9597
454700 -6138.71
454800 -6491.9982
454900 -6627.593
455000 -6485.2776
455100 -6203.3742
455200 -5959.3513
455300 -5875.2877
455400 -5988.6006
455500 -6248.3442
455600 -6520.8639
455700 -6626.4462
455800 -6446.3944
455900 -6083.2337
456000 -5874.4779
456100 -6047.0983
456200 -6411.9916
456300 -6621.4563
456400 -6543.1094
456500 -6279.6638
456600 -6010.9301
456700 -5878.1135
456800 -5941.4495
456900 -6172.8922
457000 -6458.7141
457100 -6624.2975
457200 -6520.1623
457300 -6178.4587
457400 -5894.5466
457500 -5969.3687
457600 -6319.9972
457700 -6594.525
457800 -6588.0794
457900 -6355.8545
458000 -6072.1431
458100 -5894.6638
458200 -5906.1231
458300 -6101.4793
458400 -6388.3703
458500 -6602.9431
458600 -6576.2006
458700 -6277.3592
458800 -5941.3919
458900 -5911.9587
459000 -6221.7495
459100 -6547.0548
459200 -6617.1967
459300 -6428.7146
459400 -6140.9611
459500 -5924.4506
459600 -5883.692
459700 -6036.6634
459800 -6313.2297
459900 -6564.5724
460000 -6612.2356
460100 -6372.8684
460200 -6010.9421
460300 -5879.8006
460400 -6124.0141
460500 -6480.6755
460600 -6627.9773
460700 -6494.8716
460800 -6214.9808
460900 -5966.5807
461000 -5874.8215
461100 -5980.6404
461200 -6236.5989
461300 -6511.9819
461400 -6627.43
461500 -6458.7492
461600 -6097.3335
461700 -5875.7208
461800 -6034.0773
461900 -6398.5055
462000 -6618.6783
462100 -6550.9354
462200 -6291.4568
462300 -6019.7564
462400 -5879.7718
462500 -5935.2206
462600 -6161.5877
462700 -6448.3521
462800 -6622.2187
462900 -6530.0007
463000 -6193.6004
463100 -5900.0813
463200 -5959.0811
463300 -6305.1469
463400 -6588.5418
463500 -6593.6538
463600 -6367.3506
463700 -6082.2797
463800 -5898.398
463900 -5901.8163
464000 -6091.0309
464100 -6377.0512
464200 -6598.0892
464300 -6583.0757
464400 -6292.4245
464500 -5950.7323
464600 -5905.2775
464700 -6206.5181
464800 -6538.0235
464900 -6620.0991
465000 -6439.402
465100 -6152.0622
465200 -5930.1498
465300 -5881.4359
465400 -6027.4328
465500 -6301.4704
465600 -6557.3394
465700 -6615.9285
465800 -6386.8325
465900 -6023.2878
466000 -5877.3093
466100 -6109.5026
466200 -6468.977
466300 -6627.8856
466400 -6504.2269
466500 -6226.6459
466600 -5974.0718
466700 -5874.6824
466800 -5972.9313
466900 -6224.8923
467000 -6502.8389
467100 -6627.9299
467200 -6470.7557
467300 -6111.6672
467400 -5877.6403
467500 -6021.4108
467600 -6384.7527
467700 -6615.406
467800 -6558.4457
467900 -6303.2366
468000 -6028.8042
468100 -5881.7539
468200 -5929.2762
468300 -6150.389
468400 -6437.809
468500 -6619.6916
468600 -6539.4069
468700 -6208.8018
468800 -5906.2411
468900 -5949.2971
469000 -6290.1702
469100 -6582.0746
469200 -6598.8428
469300 -6378.7563
469400 -6092.5883
469500 -5902.4429
469600 -5897.8178
469700 -6080.7475
469800 -6365.6312
469900 -6592.8417
470000 -6589.4705
470100 -6307.3837
470200 -5960.5931
470300 -5899.2106
470400 -6191.324
470500 -6528.5518
470600 -6622.5594
470700 -6449.9187
470800 -6163.2774
470900 -5936.1372
471000 -5879.5023
471100 -6018.4178
471200 -6289.6879
471300 -6549.781
471400 -6619.1267
471500 -6400.5465
471600 -6036.009
471700 -5875.4911
471800 -6095.2024
471900 -6456.9172
472000 -6627.3133
472100 -6513.3315
472200 -6238.359
472300 -5981.8189
472400 -5874.8706
472500 -5965.4792
472600 -6213.2353
472700 -6493.447
472800 -6627.9499
472900 -6482.3987
473000 -6126.208
473100 -5880.2322
473200 -6009.1236
473300 -6370.7528
473400 -6611.6388
473500 -6565.6289
473600 -6314.9914
473700 -6038.0665
473800 -5884.0582
473900 -5923.6206
474000 -6139.3058
474100 -6427.097
474200 -6616.7236
474300 -6548.3714
474400 -6224.0365
474500 -5913.0133
474600 -5940.0366
474700 -6275.091
474800 -6575.1279
474900 -6603.6369
475000 -6390.0592
475100 -6103.0607
475200 -5906.7958
475300 -5894.1305
475400 -6070.6376
475500 -6354.1225
475600 -6587.2104
475700 -6595.3807
475800 -6322.2131
475900 -5970.9545
476000 -5893.7708
476100 -6176.1935
476200 -6518.6494
476300 -6624.5703
476400 -6460.2524
476500 -6174.5969
476600 -5942.4084
476700 -5877.8927
476800 -6009.6253
476900 -6277.8938
477000 -6541.9086
477100 -6621.8305
477200 -6413.9909
477300 -6049.0811
477400 -5874.3499
477500 -6081.14
477600 -6444.5115
477700 -6626.2566
477800 -6522.1733
477900 -6250.1092
478000 -5989.8162
478100 -5875.3859
478200 -5958.2894
478300 -6201.6384
478400 -6483.8183
478500 -6627.4945
478600 -6493.6638
478700 -6140.9293
478800 -5883.491
478900 -5997.2398
479000 -6356.5262
479100 -6607.3772
479200 -6572.4739
479300 -6326.7097
479400 -6047.5361
479500 -5886.6834
479600 -5918.2578
479700 -6128.3475
479800 -6416.2287
479900 -6613.3223
480000 -6556.8851
480100 -6239.2783
480200 -5920.3838
480300 -5931.3185
480400 -6259.9339
480500 -6567.7069
480600 -6608.0266
480700 -6401.2473
480800 -6113.6883
480900 -5911.4534
481000 -5890.7568
481100 -6060.7091
481200 -6342.5373
481300 -6581.2052
481400 -6600.8028
481500 -6336.8893
481600 -5981.7954
481700 -5888.9694
481800 -6161.1534
481900 -6508.3271
482000 -6626.1251
482100 -6470.3907
482200 -6186.011
482300 -5948.959
482400 -5876.6081
482500 -6001.0621
482600 -6266.0996
482700 -6533.7337
482800 -6624.0413
482900 -6427.1467
483000 -6062.4786
483100 -5873.8882
483200 -6067.3418
483300 -6431.776
483400 -6624.7122
483500 -6530.7402
483600 -6261.8857
483700 -5998.0579
483800 -5876.2279
483900 -5951.3674
484000 -6190.1121
484100 -6473.965
484200 -6626.569
484300 -6504.5376
484400 -6155.804
484500 -5887.4099
484600 -5985.7829
484700 -6342.094
484800 -6602.622
484900 -6578.9699
485000 -6338.3797
485100 -6057.2055
485200 -5889.6274
485300 -5913.1917
485400 -6117.5233
485500 -6405.2164
485600 -6609.4959
485700 -6564.9401
485800 -6254.5015
485900 -5928.3371
486000 -5923.1607
486100 -6244.7236
486200 -6559.8176
486300 -6612.0029
486400 -6412.3081
486500 -6124.4624
486600 -5916.4126
486700 -5887.6992
486800 -6050.97
486900 -6330.8875
487000 -6574.8367
487100 -6605.734
487200 -6351.3897
487300 -5993.0941
487400 -5884.8165
487500 -6146.2303
487600 -6497.5964
487700 -6627.2174
487800 -6480.3212
487900 -6197.5095
488000 -5955.784
488100 -5875.6494
488200 -5992.7346
488300 -6254.3165
488400 -6525.2679
488500 -6625.7607
488600 -6439.996
488700 -6076.1759
488800 -5874.1068
488900 -6053.8342
489000 -6418.7277
489100 -6622.6773
489200 -6539.0205
489300 -6273.6772
489400 -6006.5376
489500 -5877.3961
489600 -5944.7182
489700 -6178.6667
489800 -6463.8996
489900 -6625.1788
490000 -6515.0072
490100 -6170.8054
490200 -5891.9806
490300 -5974.7758
490400 -6327.4781
490500 -6597.3752
490600 -6585.1061
490700 -6349.9893
490800 -6067.0672
490900 -5892.8883
491000 -5908.4259
491100 -6106.8424
491200 -6394.0724
491300 -6605.253
491400 -6572.5293
491500 -6269.6805
491600 -5936.8569
491700 -5915.5801
491800 -6229.4855
491900 -6551.4669
492000 -6615.5571
492100 -6423.2293
492200 -6135.3738
492300 -5921.6697
492400 -5884.9599
492500 -6041.4282
492600 -6319.1851
492700 -6568.1152
492800 -6610.1722
492900 -6365.6922
493000 -6004.828
493100 -5881.3208
493200 -6131.4511
493300 -6486.4697
493400 -6627.8414
493500 -6490.0316
493600 -6209.0823
493700 -5962.8787
493800 -5875.0173
493900 -5984.6492
494000 -6242.5556
494100 -6516.523
494200 -6626.9914
494300 -6452.5215
494400 -6090.1468
494500 -5875.0053
494600 -6040.6429
494700 -6405.3844
494800 -6620.1499
494900 -6547.0024
495000 -6285.4727
495100 -6015.2489
495200 -5878.8897
495300 -5938.3466
495400 -6167.3123
495500 -6453.6343
495600 -6623.3302
495700 -6525.0609
495800 -6185.9067
495900 -5897.1934
496000 -5964.2405
496100 -6312.7008
496200 -6591.6391
496300 -6590.8722
496400 -6361.5268
496500 -6077.1132
496600 -5896.4638
496700 -5903.9637
496800 -6096.3135
496900 -6382.8091
497000 -6600.6024
497100 -6579.6462
497200 -6284.7904
497300 -5945.9257
497400 -5908.5924
497500 -6214.2452
497600 -6542.6626
497700 -6618.6809
497800 -6433.9986
497900 -6146.4134
498000 -5927.2211
498100 -5882.5407
498200 -6032.0909
498300 -6307.442
498400 -6561.0516
498500 -6614.1162
498600 -6379.7755
498700 -6016.9737
498800 -5878.4898
498900 -6116.8427
499000 -6474.9602
499100 -6627.9919
499200 -6499.5096
499300 -6220.7191
499400 -5970.2376
499500 -5874.7121
499600 -5976.812
499700 -6230.828
499800 -6507.5109
499900 -6627.7364
500000 -6464.7067
500100 -6104.3651
500200 -5876.5818
500300 -6027.7933
500400 -6391.7646
500500 -6617.1286
500600 -6554.6743
500700 -6297.2606
500800 -6024.1851
500900 -5880.7076
501000 -5932.2572
501100 -6156.0587
501200 -6443.1816
501300 -6621.0297
501400 -6534.6878
501500 -6201.0811
501600 -5903.0376
501700 -5954.1984
501800 -6297.7853
501900 -6585.417
502000 -6596.2581
502100 -6372.9798
502200 -6087.3356
502300 -5900.3514
502400 -5899.8084
502500 -6085.9453
502600 -6371.4388
502700 -6595.5534
502800 -6586.2854
502900 -6299.8065
503000 -5955.5248
503100 -5902.212
503200 -6199.0289
503300 -6533.4132
503400 -6621.3665
503500 -6444.6035
503600 -6157.5719
503700 -5933.0628
503800 -5880.4432
503900 -6022.9656
504000 -6295.6698
504100 -6553.657
504200 -6617.5654
504300 -6393.619
504400 -6029.5075
504500 -5876.3295
504600 -6102.4319
504700 -6463.0819
504800 -6627.6641
504900 -6508.7429
505000 -6232.4092
505100 -5977.8555
505200 -5874.7342
505300 -5969.2288
505400 -6219.1445
505500 -6498.2438
505600 -6627.9994
505700 -6476.5361
505800 -6118.8042
505900 -5878.833
506000 -6015.3106
506100 -6377.8875
506200 -6613.6125
506300 -6562.0249
506400 -6309.0295
506500 -6033.3395
506600 -5882.8486
506700 -5926.4545
506800 -6144.9157
506900 -6432.5538
507000 -6618.2845
507100 -6543.8776
507200 -6216.3022
507300 -5909.5007
507400 -5944.6698
507500 -6282.7551
507600 -6578.7131
507700 -6601.2538
507800 -6384.3365
507900 -6097.7259
508000 -5904.5484
508100 -5895.9628
508200 -6075.7463
508300 -6359.9736
508400 -6590.1157
508500 -6592.442
508600 -6314.7047
508700 -5965.6347
508800 -5896.4525
508900 -6183.8628
509000 -6523.7281
509100 -6623.6063
509200 -6455.0316
509300 -6168.8397
509400 -5939.1905
509500 -5878.6691
509600 -6014.0594
509700 -6283.8802
509800 -6545.9425
509900 -6620.52
510000 -6407.2026
510100 -6042.4046
510200 -5874.8443
510300 -6088.2454
510400 -6450.8498
510500 -6626.8537
510600 -6517.7196
510700 -6244.1419
510800 -5985.7266
510900 -5875.0835
511000 -5961.9052
511100 -6207.5158
511200 -6488.7338
511300 -6627.7847
511400 -6487.9947
511500 -6133.4372
511600 -5881.7541
511700 -6003.219
511800 -6363.7734
511900 -6609.6018
512000 -6569.0429
512100 -6320.7679
512200 -6042.7048
512300 -5885.3111
512400 -5920.9426
512500 -6133.8928
512600 -6421.7633
512700 -6615.1021
512800 -6552.6211
512900 -6231.5437
513000 -5916.5694
513100 -5935.6741
513200 -6267.6345
513300 -6571.532
513400 -6605.8499
513500 -6395.5844
513600 -6108.2759
513700 -5909.0517
513800 -5892.4296
513900 -6065.7247
514000 -6348.4257
514100 -6584.299
514200 -6598.1123
514300 -6329.4615
514400 -5976.2349
514500 -5891.3257
514600 -6168.7735
514700 -6513.6176
514800 -6625.3934
514900 -6465.2706
515000 -6180.207
515100 -5945.5999
515200 -5877.2194
515300 -6005.379
515400 -6272.0846
515500 -6537.9196
515600 -6622.9808
515700 -6420.5072
515800 -6055.6401
515900 -5874.0375
516000 -6074.3099
516100 -6438.2796
516200 -6625.5572
516300 -6526.4275
516400 -6255.9064
516500 -5993.845
516600 -5875.7598
516700 -5954.8466
516800 -6195.9524
516900 -6478.9929
517000 -6627.0971
517100 -6499.0687
517200 -6148.2374
517300 -5885.339
517400 -5991.5426
517500 -6349.4428
517600 -6605.0969
517700 -6575.7174
517800 -6332.4638
517900 -6052.2737
518000 -5888.0936
518100 -5915.7255
518200 -6122.9994
518300 -6410.8225
518400 -6611.4904
518500 -6560.9099
518600 -6246.7795
518700 -5924.2288
518800 -5927.2298
518900 -6252.448
519000 -6563.8796
519100 -6610.0371
519200 -6406.7113
519300 -6118.9767
519400 -5913.8583
519500 -5889.2114
519600 -6055.8886
519700 -6336.8072
519800 -6578.1136
519900 -6603.2929
520000 -6344.0539
520100 -5987.3041
520200 -5886.8425
520300 -6153.7876
520400 -6503.0927
520500 -6626.7212
520600 -6475.3081
520700 -6191.664
520800 -5952.2862
520900 -5876.0952
521000 -5996.931
521100 -6260.2945
521200 -6529.6
521300 -6624.9493
521400 -6433.5143
521500 -6069.1885
521600 -5873.9108
521700 -6060.6515
521800 -6425.3879
521900 -6623.7715
522000 -6534.8547
522100 -6267.6917
522200 -6002.2047
522300 -5876.7625
522400 -5948.0584
522500 -6184.4647
522600 -6469.0337
522700 -6625.942
522800 -6509.745
522900 -6163.1779
523000 -5889.58
523100 -5980.3044
523200 -6334.9174
523300 -6600.0993
523400 -6582.0375
523500 -6344.1056
523600 -6062.0388
523700 -5891.1939
523800 -5910.8068
523900 -6112.2446
524000 -6399.7438
524100 -6607.4578
524200 -6568.7364
524300 -6261.9841
524400 -5932.4633
524500 -5919.3542
524600 -6237.2208
524700 -6555.7622
524800 -6613.8065
524900 -6417.7049
525000 -6129.8195
525100 -5918.9647
525200 -5886.3103
525300 -6046.2457
525400 -6325.13
525500 -6571.5698
525600 -6607.9814
525700 -6358.4596
525800 -5998.8199
525900 -5883.0123
526000 -6138.932
526100 -6492.1653
526200 -6627.5836
526300 -6485.1317
526400 -6203.2004
526500 -5959.2447
526600 -5875.2972
526700 -5988.722
526800 -6248.5209
526900 -6520.9952
527000 -6626.4277
527100 -6446.2062
527200 -6083.0239
527300 -5874.4644
527400 -6047.2965
527500 -6412.192
527600 -6621.4943
527700 -6542.9895
527800 -6279.4866
527900 -6010.7993
528000 -5878.0911
528100 -5941.5453
528200 -6173.0628
528300 -6458.8683
528400 -6624.3253
528500 -6520.0112
528600 -6178.2318
528700 -5894.4683
528800 -5969.527
528900 -6320.2192
529000 -6594.6112
529100 -6587.9928
529200 -6355.6812
529300 -6071.9922
529400 -5894.6101
529500 -5906.1902
529600 -6101.6375
529700 -6388.5395
529800 -6603.013
529900 -6576.0937
530000 -6277.1322
530100 -5941.2557
530200 -5912.0637
530300 -6221.9785
530400 -6547.1871
530500 -6617.1498
530600 -6428.5528
530700 -6140.7952
530800 -5924.3672
530900 -5883.7283
531000 -6036.8036
531100 -6313.4061
531200 -6564.6785
531300 -6612.1764
531400 -6372.6568
531500 -6010.7596
531600 -5879.8431
531700 -6124.2336
531800 -6480.8484
531900 -6627.975
532000 -6494.7292
532100 -6214.806
532200 -5966.4702
532300 -5874.8261
532400 -5980.7581
532500 -6236.7751
532600 -6512.1173
532700 -6627.4188
532800 -6458.5661
532900 -6097.1199
533000 -5875.6971
533100 -6034.2703
533200 -6398.7101
533300 -6618.7237
533400 -6550.8202
533500 -6291.2797
533600 -6019.6222
533700 -5879.7445
533800 -5935.3121
533900 -6161.7568
534000 -6448.5091
534100 -6622.2533
534200 -6529.8561
534300 -6193.3724
534400 -5899.9935
534500 -5959.232
534600 -6305.3709
534700 -6588.6353
534800 -6593.5728
534900 -6367.1786
535000 -6082.1261
535100 -5898.3396
535200 -5901.8787
535300 -6091.1867
535400 -6377.222
535500 -6598.165
535600 -6582.976
535700 -6292.1989
535800 -5950.5881
535900 -5905.3734
536000 -6206.7467
536100 -6538.1625
536200 -6620.0588
536300 -6439.2427
536400 -6151.8946
536500 -5930.0621
536600 -5881.4674
536700 -6027.5699
536800 -6301.6472
536900 -6557.4505
537000 -6615.8767
537100 -6386.6245
537200 -6023.0995
537300 -5877.3417
537400 -6109.7191
537500 -6469.1554
537600 -6627.8905
537700 -6504.0882
537800 -6226.4703
537900 -5973.9573
538000 -5874.6821
538100 -5973.0452
538200 -6225.0678
538300 -6502.9781
538400 -6627.9259
538500 -6470.578
538600 -6111.4503
538700 -5877.6065
538800 -6021.5983
538900 -6384.9612
539000 -6615.4588
539100 -6558.3353
539200 -6303.0598
539300 -6028.6667
539400 -5881.7217
539500 -5929.3634
539600 -6150.5564
539700 -6437.9686
539800 -6619.7329
539900 -6539.2689
540000 -6208.5731
540100 -5906.144
540200 -5949.4403
540300 -6290.396
540400 -6582.1753
540500 -6598.7678
540600 -6378.5857
540700 -6092.4322
540800 -5902.3799
540900 -5897.8756
541000 -6080.9008
541100 -6365.8034
541200 -6592.9234
541300 -6589.378
541400 -6307.1599
541500 -5960.4412
541600 -5899.2972
541700 -6191.5518
541800 -6528.6973
541900 -6622.5257
542000 -6449.7621
542100 -6163.1081
542200 -5936.0452
542300 -5879.529
542400 -6018.5516
542500 -6289.865
542600 -6549.8969
542700 -6619.0823
542800 -6400.3425
542900 -6035.8153
543000 -5875.5134
543100 -6095.4155
543200 -6457.101
543300 -6627.3255
543400 -6513.1967
543500 -6238.1828
543600 -5981.7006
543700 -5874.8654
543800 -5965.5892
543900 -6213.41
544000 -6493.5898
544100 -6627.9531
544200 -6482.2266
544300 -6125.9882
544400 -5880.1883
544500 -6009.3052
544600 -6370.9648
544700 -6611.6991
544800 -6565.5235
544900 -6314.8151
545000 -6037.9259
545100 -5884.0213
545200 -5923.7034
545300 -6139.4714
545400 -6427.2591
545500 -6616.7714
545600 -6548.24
545700 -6223.8075
545800 -5912.9072
545900 -5940.1717
546000 -6275.3182
546100 -6575.2358
546200 -6603.5678
546300 -6389.8903
546400 -6102.9023
546500 -5906.7281
546600 -5894.1835
546700 -6070.7881
546800 -6354.296
546900 -6587.2977
547000 -6595.2956
547100 -6321.9914
547200 -5970.7952
547300 -5893.8478
547400 -6176.4202
547500 -6518.8013
547600 -6624.5434
547700 -6460.0986
547800 -6174.4262
547900 -5942.3122
548000 -5877.9145
548100 -6009.7557
548200 -6278.071
548300 -6542.0292
548400 -6621.7935
548500 -6413.791
548600 -6048.8823
548700 -5874.3621
548800 -6081.3493
548900 -6444.7004
549000 -6626.2761
549100 -6522.0425
549200 -6249.9325
549300 -5989.6943
549400 -5875.3757
549500 -5958.3955
549600 -6201.8121
549700 -6483.9646
549800 -6627.5049
549900 -6493.4975
550000 -6140.7069
550100 -5883.4371
550200 -5997.4152
550300 -6356.7414
550400 -6607.4448
550500 -6572.3737
550600 -6326.534
550700 -6047.3924
550800 -5886.6416
550900 -5918.3362
551000 -6128.5111
551100 -6416.3931
551200 -6613.3765
551300 -6556.7606
551400 -6239.0495
551500 -5920.2687
551600 -5931.4453
551700 -6260.162
551800 -6567.8218
551900 -6607.9637
552000 -6401.0801
552100 -6113.5276
552200 -5911.3812
552300 -5890.8052
552400 -6060.8568
552500 -6342.7118
552600 -6581.2982
552700 -6600.725
552800 -6336.67
552900 -5981.6291
553000 -5889.0367
553100 -6161.3785
553200 -6508.4852
553300 -6626.1051
553400 -6470.2399
553500 -6185.8389
553600 -5948.8585
553700 -5876.625
553800 -6001.189
553900 -6266.2767
554000 -6533.8587
554100 -6624.0117
554200 -6426.9513
554300 -6062.2751
554400 -5873.8901
554500 -6067.547
554600 -6431.9697
554700 -6624.739
554800 -6530.6136
554900 -6261.7086
555000 -5997.9323
555100 -5876.2129
555200 -5951.4694
555300 -6190.2847
555400 -6474.1147
555500 -6626.5863
555600 -6504.3772
555700 -6155.5796
555800 -5887.3462
555900 -5985.9517
556000 -6342.3122
556100 -6602.6971
556200 -6578.8749
556300 -6338.2048
556400 -6057.0589
556500 -5889.5808
556600 -5913.2656
556700 -6117.6849
556800 -6405.3828
556900 -6609.5565
557000 -6564.8226
557100 -6254.2731
557200 -5928.2134
557300 -5923.279
557400 -6244.9523
557500 -6559.9395
557600 -6611.9462
557700 -6412.1429
557800 -6124.2995
557900 -5916.3359
558000 -5887.7428
558100 -6051.1149
558200 -6331.0629
558300 -6574.935
558400 -6605.6635
558500 -6351.1732
558600 -5992.9211
558700 -5884.874
558800 -6146.4534
558900 -6497.7606
559000 -6627.2044
559100 -6480.1736
559200 -6197.3362
559300 -5955.6795
559400 -5875.6614
559500 -5992.8579
559600 -6254.4933
559700 -6525.3971
559800 -6625.7385
559900 -6439.8054
560000 -6075.968
560100 -5874.0984
560200 -6054.0348
560300 -6418.926
560400 -6622.7115
560500 -6538.8983
560600 -6273.5001
560700 -6006.4085
560800 -5877.3762
560900 -5944.816
561000 -6178.838
561100 -6464.0523
561200 -6625.2031
561300 -6514.853
561400 -6170.5793
561500 -5891.9071
561600 -5974.9377
561700 -6327.6989
561800 -6597.4576
561900 -6585.0167
562000 -6349.8154
562100 -6066.9177
562200 -5892.837
562300 -5908.4952
562400 -6107.0017
562500 -6394.2407
562600 -6605.3197
562700 -6572.4188
562800 -6269.453
562900 -5936.7248
563000 -5915.6896
563100 -6229.7144
563200 -6551.5957
563300 -6615.5068
563400 -6423.0663
563500 -6135.2089
563600 -5921.5886
563700 -5884.9987
563800 -6041.57
563900 -6319.3612
564000 -6568.2187
564100 -6610.1092
564200 -6365.4789
564300 -6004.6486
564400 -5881.3684
564500 -6131.6719
564600 -6486.6397
564700 -6627.8356
564800 -6489.8874
564900 -6208.908
565000 -5962.7701
565100 -5875.0243
565200 -5984.7689
565300 -6242.7321
565400 -6516.6563
565500 -6626.9765
565600 -6452.3358
565700 -6089.9351
565800 -5874.9868
565900 -6040.8386
566000 -6405.5869
566100 -6620.1915
566200 -6546.8848
566300 -6285.2955
566400 -6015.1163
566500 -5878.8649
566600 -5938.4402
566700 -6167.4821
566800 -6453.79
566900 -6623.3613
567000 -6524.9131
567100 -6185.6792
567200 -5897.1104
567300 -5964.3952
567400 -6312.9239
567500 -6591.7288
567600 -6590.7884
567700 -6361.354
567800 -6076.961
567900 -5896.4078
568000 -5904.0285
568100 -6096.4705
568200 -6382.9791
568300 -6600.6752
568400 -6579.5428
568500 -6284.5641
568600 -5945.7855
568700 -5908.6929
568800 -6214.474
568900 -6542.7982
569000 -6618.6372
569100 -6433.838
569200 -6146.2467
569300 -5927.1356
569400 -5882.5746
569500 -6032.2296
569600 -6307.6186
569700 -6561.1602
569800 -6614.0606
569900 -6379.5657
570000 -6016.7884
570100 -5878.5274
570200 -6117.0607
570300 -6475.1358
570400 -6627.9932
570500 -6499.369
570600 -6220.5439
570700 -5970.1252
570800 -5874.7143
570900 -5976.9278
571000 -6231.0039
571100 -6507.6482
571200 -6627.7288
571300 -6464.5263
571400 -6104.1499
571500 -5876.5531
571600 -6027.9837
571700 -6391.9711
571800 -6617.1776
571900 -6554.5614
572000 -6297.0836
572100 -6024.0493
572200 -5880.6779
572300 -5932.3466
572400 -6156.2269
572500 -6443.3399
572600 -6621.0676
572700 -6534.5464
572800 -6200.8528
572900 -5902.9452
573000 -5954.3455
573100 -6298.0103
573200 -6585.5141
573300 -6596.18
573400 -6372.8085
573500 -6087.1808
573600 -5900.2907
573700 -5899.8685
573800 -6086.0998
573900 -6371.6103
574000 -6595.6322
574100 -6586.1892
574200 -6299.5817
574300 -5955.3768
574400 -5902.3033
574500 -6199.2572
574600 -6533.5554
574700 -6621.3294
574800 -6444.4454
574900 -6157.4035
575000 -5932.9729
575100 -5880.4724
575200 -6023.1011
575300 -6295.8468
575400 -6553.7704
575500 -6617.5172
575600 -6393.4129
575700 -6029.3164
575800 -5876.3569
575900 -6102.6467
576000 -6463.263
576100 -6627.6725
576200 -6508.6061
576300 -6232.2332
576400 -5977.7392
576500 -5874.7315
576600 -5969.3408
576700 -6219.3196
576800 -6498.3849
576900 -6627.999
577000 -6476.3611
577100 -6118.5858
577200 -5878.7942
577300 -6015.4952
577400 -6378.0978
577500 -6613.669
577600 -6561.9169
577700 -6308.853
577800 -6033.2004
577900 -5882.814
578000 -5926.5395
578100 -6145.0822
578200 -6432.7147
578300 -6618.329
578400 -6543.7428
578500 -6216.0733
578600 -5909.3991
578700 -5944.809
578800 -6282.9816
578900 -6578.8173
579000 -6601.1817
579100 -6384.1666
579200 -6097.5687
579300 -5904.4831
579400 -5896.0182
579500 -6075.8982
579600 -6360.1465
579700 -6590.2002
579800 -6592.3532
579900 -6314.4819
580000 -5965.4792
580100 -5896.5343
580200 -6184.0901
580300 -6523.8768
580400 -6623.576
580500 -6454.8763
580600 -6168.6697
580700 -5939.0964
580800 -5878.6933
580900 -6014.1915
581000 -6284.0574
581100 -6546.0607
581200 -6620.4793
581300 -6407.0006
581400 -6042.2083
581500 -5874.8616
581600 -6088.4567
581700 -6451.0361
581800 -6626.8694
581900 -6517.5867
582000 -6243.9654
582100 -5985.6065
582200 -5875.0759
582300 -5962.0132
582400 -6207.69
582500 -6488.8783
582600 -6627.7915
582700 -6487.8254
582800 -6133.2161
582900 -5881.7053
583000 -6003.3976
583100 -6363.987
583200 -6609.6657
583300 -6568.94
583400 -6320.5918
583500 -6042.5625
583600 -5885.2718
583700 -5921.0233
583800 -6134.0574
583900 -6421.9265
584000 -6615.1531
584100 -6552.4931
584200 -6231.3147
584300 -5916.4588
584400 -5935.8052
584500 -6267.8622
584600 -6571.6434
584700 -6605.7838
584800 -6395.4163
584900 -6108.1163
585000 -5908.9818
585100 -5892.4804
585200 -6065.8739
585300 -6348.5997
585400 -6584.3891
585500 -6598.0307
585600 -6329.241
585700 -5976.0722
585800 -5891.398
585900 -6168.9994
586000 -6513.7726
586100 -6625.3699
586200 -6465.1183
586300 -6180.0356
586400 -5945.5015
586500 -5877.2387
586600 -6005.5076
586700 -6272.2618
586800 -6538.0424
586900 -6622.9475
587000 -6420.3095
587100 -6055.4389
587200 -5874.0446
587300 -6074.5172
587400 -6438.4709
587500 -6625.5803
587600 -6526.2987
587700 -6255.7295
587800 -5993.7213
587900 -5875.7472
588000 -5954.9507
588100 -6196.1255
588200 -6479.1409
588300 -6627.1109
588400 -6498.9053
588500 -6148.014
588600 -5885.2803
588700 -5991.7148
588800 -6349.6596
588900 -6605.1682
589000 -6575.6197
589100 -6332.2885
589200 -6052.1285
589300 -5888.0494
589400 -5915.8017
589500 -6123.162
589600 -6410.9879
589700 -6611.5478
589800 -6560.7888
589900 -6246.5508
590000 -5924.1095
590100 -5927.3524
590200 -6252.6765
590300 -6563.998
590400 -6609.9772
590500 -6406.5451
590600 -6118.8149
590700 -5913.7839
590800 -5889.2574
590900 -6056.0349
591000 -6336.9822
591100 -6578.2091
591200 -6603.2187
591300 -6343.836
591400 -5987.1344
591500 -5886.905
591600 -6154.0118
591700 -6503.2538
591800 -6626.7047
591900 -6475.1589
592000 -6191.4913
592100 -5952.1838
592200 -5876.1096
592300 -5997.0562
592400 -6260.4715
592500 -6529.7271
592600 -6624.9234
592700 -6433.3212
592800 -6068.9828
592900 -5873.9076
593000 -6060.8545
593100 -6425.5838
593200 -6623.8019
593300 -6534.7303
593400 -6267.5146
593500 -6002.0774
593600 -5876.7451
593700 -5948.1583
593800 -6184.6366
593900 -6469.1848
594000 -6625.9628
594100 -6509.5876
594200 -6162.9526
594300 -5889.5115
594400 -5980.4699
594500 -6335.1369
594600 -6600.178
594700 -6581.9453
594800 -6343.9312
594900 -6061.8907
595000 -5891.145
595100 -5910.8785
595200 -6112.4051
595300 -6399.9112
595400 -6607.5215
595500 -6568.6222
595600 -6261.7561
595700 -5932.3354
595800 -5919.4682
595900 -6237.4498
596000 -6555.8875
596100 -6613.7531
596200 -6417.5408
596300 -6129.6556
596400 -5918.8858
596500 -5886.3515
596600 -6046.389
596700 -6325.3058
596800 -6571.6707
596900 -6607.9147
597000 -6358.2447
597100 -5998.6438
597200 -5883.0649
597300 -6139.1541
597400 -6492.3324
597500 -6627.5741
597600 -6484.9858
597700 -6203.0265
597800 -5959.1382
597900 -5875.3068
598000 -5988.8435
598100 -6248.6976
598200 -6521.1265
598300 -6626.4091
598400 -6446.018
598500 -6082.814
598600 -5874.451
598700 -6047.4947
598800 -6412.3924
598900 -6621.5321
599000 -6542.8695
599100 -6279.3094
599200 -6010.6685
599300 -5878.0687
599400 -5941.641
599500 -6173.2334
599600 -6459.0225
599700 -6624.3529
599800 -6519.8601
599900 -6178.005
600000 -5894.3901
600100 -5969.6854
600200 -6320.4411
600300 -6594.6972
600400 -6587.9061
600500 -6355.5078
600600 -6071.8414
600700 -5894.5564
600800 -5906.2573
600900 -6101.7957
601000 -6388.7087
601100 -6603.0828
601200 -6575.9867
601300 -6276.9052
601400 -5941.1196
601500 -5912.1688
601600 -6222.2074
601700 -6547.3192
601800 -6617.1028
601900 -6428.391
602000 -6140.6294
602100 -5924.2839
602200 -5883.7647
602300 -6036.9439
602400 -6313.5825
602500 -6564.7845
602600 -6612.117
602700 -6372.4452
602800 -6010.5772
602900 -5879.8858
603000 -6124.4531
603100 -6481.0212
603200 -6627.9727
603300 -6494.5868
603400 -6214.6312
603500 -5966.3597
603600 -5874.8308
603700 -5980.8759
603800 -6236.9512
603900 -6512.2526
604000 -6627.4075
604100 -6458.383
604200 -6096.9064
604300 -5875.6736
604400 -6034.4634
604500 -6398.9147
604600 -6618.769
604700 -6550.7049
604800 -6291.1027
604900 -6019.488
605000 -5879.7173
605100 -5935.4036
605200 -6161.9258
605300 -6448.6661
605400 -6622.2877
605500 -6529.7113
605600 -6193.1445
605700 -5899.9058
605800 -5959.383
605900 -6305.595
606000 -6588.7286
606100 -6593.4919
606200 -6367.0065
606300 -6081.9726
606400 -5898.2813
606500 -5901.9412
606600 -6091.3424
606700 -6377.3927
606800 -6598.2408
606900 -6582.8761
607000 -6291.9733
607100 -5950.444
607200 -5905.4693
607300 -6206.9753
607400 -6538.3013
607500 -6620.0183
607600 -6439.0833
607700 -6151.727
607800 -5929.9744
607900 -5881.499
608000 -6027.707
608100 -6301.8241
608200 -6557.5615
608300 -6615.8248
608400 -6386.4165
608500 -6022.9113
608600 -5877.3743
608700 -6109.9357
608800 -6469.3338
608900 -6627.8953
609000 -6503.9495
609100 -6226.2947
609200 -5973.843
609300 -5874.6819
609400 -5973.1592
609500 -6225.2433
609600 -6503.1173
609700 -6627.9219
609800 -6470.4002
609900 -6111.2334
610000 -5877.5728
610100 -6021.7859
610200 -6385.1696
610300 -6615.5115
610400 -6558.2248
610500 -6302.883
610600 -6028.5293
610700 -5881.6896
610800 -5929.4506
610900 -6150.7238
611000 -6438.1282
611100 -6619.774
611200 -6539.1307
611300 -6208.3445
611400 -5906.0471
611500 -5949.5835
611600 -6290.6217
611700 -6582.2759
611800 -6598.6926
611900 -6378.4151
612000 -6092.2762
612100 -5902.3169
612200 -5897.9334
612300 -6081.054
612400 -6365.9756
612500 -6593.005
612600 -6589.2854
612700 -6306.9361
612800 -5960.2895
612900 -5899.3838
613000 -6191.7797
613100 -6528.8427
613200 -6622.492
613300 -6449.6054
613400 -6162.9389
613500 -5935.9532
613600 -5879.5557
613700 -6018.6854
613800 -6290.0421
613900 -6550.0127
614000 -6619.0378
614100 -6400.1384
614200 -6035.6216
614300 -5875.5359
614400 -6095.6287
614500 -6457.2846
614600 -6627.3376
614700 -6513.0618
614800 -6238.0065
614900 -5981.5825
615000 -5874.8602
615100 -5965.6993
615200 -6213.5847
615300 -6493.7326
615400 -6627.9562
615500 -6482.0543
615600 -6125.7684
615700 -5880.1445
615800 -6009.487
615900 -6371.1768
616000 -6611.7592
616100 -6565.418
616200 -6314.6388
616300 -6037.7852
616400 -5883.9843
616500 -5923.7862
616600 -6139.637
616700 -6427.4212
616800 -6616.8191
616900 -6548.1086
617000 -6223.5786
617100 -5912.8011
617200 -5940.307
617300 -6275.5453
617400 -6575.3435
617500 -6603.4987
617600 -6389.7213
617700 -6102.7438
617800 -5906.6606
617900 -5894.2367
618000 -6070.9387
618100 -6354.4694
618200 -6587.385
618300 -6595.2103
618400 -6321.7697
618500 -5970.6361
618600 -5893.925
618700 -6176.6469
618800 -6518.9531
618900 -6624.5165
619000 -6459.9448
619100 -6174.2554
619200 -5942.2159
619300 -5877.9363
619400 -6009.8862
619500 -6278.2482
619600 -6542.1496
619700 -6621.7565
619800 -6413.5911
619900 -6048.6835
620000 -5874.3743
620100 -6081.5587
620200 -6444.8891
620300 -6626.2955
620400 -6521.9116
620500 -6249.7558
620600 -5989.5724
620700 -5875.3656
620800 -5958.5016
620900 -6201.9858
621000 -6484.1109
621100 -6627.5151
621200 -6493.331
621300 -6140.4846
621400 -5883.3834
621500 -5997.5907
621600 -6356.9567
621700 -6607.5124
621800 -6572.2733
621900 -6326.3583
622000 -6047.2487
622100 -5886.5999
622200 -5918.4146
622300 -6128.6748
622400 -6416.5574
622500 -6613.4307
622600 -6556.636
622700 -6238.8206
622800 -5920.1538
622900 -5931.5723
623000 -6260.3901
623100 -6567.9367
623200 -6607.9007
623300 -6400.913
623400 -6113.3669
623500 -5911.3091
623600 -5890.8536
623700 -6061.0046
623800 -6342.8863
623900 -6581.391
624000 -6600.6471
624100 -6336.4508
624200 -5981.4629
624300 -5889.1042
624400 -6161.6036
624500 -6508.6433
624600 -6626.0851
624700 -6470.0891
624800 -6185.6668
624900 -5948.7581
625000 -5876.6419
625100 -6001.3159
625200 -6266.4538
625300 -6533.9836
625400 -6623.982
625500 -6426.7559
625600 -6062.0716
625700 -5873.8921
625800 -6067.7523
625900 -6432.1633
626000 -6624.7657
626100 -6530.487
626200 -6261.5316
626300 -5997.8068
626400 -5876.1979
626500 -5951.5714
626600 -6190.4573
626700 -6474.2642
626800 -6626.6036
626900 -6504.2167
627000 -6155.3552
627100 -5887.2826
627200 -5986.1206
627300 -6342.5304
627400 -6602.7721
627500 -6578.7799
627600 -6338.0299
627700 -6056.9122
627800 -5889.5343
627900 -5913.3395
628000 -6117.8465
628100 -6405.5492
628200 -6609.617
628300 -6564.7049
628400 -6254.0447
628500 -5928.0898
628600 -5923.3974
628700 -6245.1811
628800 -6560.0613
628900 -6611.8895
629000 -6411.9778
629100 -6124.1366
629200 -5916.2592
629300 -5887.7865
629400 -6051.2598
629500 -6331.2383
629600 -6575.0332
629700 -6605.593
629800 -6350.9568
629900 -5992.7482
630000 -5884.9317
630100 -6146.6766
630200 -6497.9247
630300 -6627.1914
630400 -6480.026
630500 -6197.1629
630600 -5955.5751
630700 -5875.6734
630800 -5992.9813
630900 -6254.6702
631000 -6525.5263
631100 -6625.7162
631200 -6439.6146
631300 -6075.7603
631400 -5874.0903
631500 -6054.2355
631600 -6419.1241
631700 -6622.7456
631800 -6538.776
631900 -6273.3229
632000 -6006.2794
632100 -5877.3563
632200 -5944.9139
632300 -6179.0093
632400 -6464.205
632500 -6625.2273
632600 -6514.6987
632700 -6170.3532
632800 -5891.8338
632900 -5975.0997
633000 -6327.9196
633100 -6597.5399
633200 -6584.9271
633300 -6349.6415
633400 -6066.7682
633500 -5892.7858
633600 -5908.5647
633700 -6107.1611
633800 -6394.409
633900 -6605.3864
634000 -6572.3082
634100 -6269.2254
634200 -5936.5929
634300 -5915.7993
634400 -6229.9434
634500 -6551.7245
634600 -6615.4565
634700 -6422.9033
634800 -6135.044
634900 -5921.5075
635000 -5885.0375
635100 -6041.7119
635200 -6319.5374
635300 -6568.3221
635400 -6610.046
635500 -6365.2656
635600 -6004.4693
635700 -5881.4162
635800 -6131.8927
635900 -6486.8096
636000 -6627.8296
636100 -6489.7432
636200 -6208.7337
636300 -5962.6617
636400 -5875.0315
636500 -5984.8885
636600 -6242.9085
636700 -6516.7896
636800 -6626.9615
636900 -6452.1501
637000 -6089.7234
637100 -5874.9684
637200 -6041.0343
637300 -6405.7894
637400 -6620.233
637500 -6546.7671
637600 -6285.1184
637700 -6014.9839
637800 -5878.8401
637900 -5938.5339
638000 -6167.652
638100 -6453.9455
638200 -6623.3923
638300 -6524.7651
638400 -6185.4518
638500 -5897.0276
638600 -5964.55
638700 -6313.1469
638800 -6591.8185
638900 -6590.7045
639000 -6361.1813
639100 -6076.8088
639200 -5896.3519
639300 -5904.0933
639400 -6096.6275
639500 -6383.1491
639600 -6600.748
639700 -6579.4394
639800 -6284.3377
639900 -5945.6454
640000 -5908.7935
640100 -6214.7029
640200 -6542.9337
640300 -6618.5934
640400 -6433.6774
640500 -6146.08
640600 -5927.0501
640700 -5882.6087
640800 -6032.3684
640900 -6307.7953
641000 -6561.2687
641100 -6614.0049
641200 -6379.3558
641300 -6016.6031
641400 -5878.5651
641500 -6117.2788
641600 -6475.3114
641700 -6627.9943
641800 -6499.2283
641900 -6220.3687
642000 -5970.0128
642100 -5874.7165
642200 -5977.0438
642300 -6231.1797
642400 -6507.7855
642500 -6627.7211
642600 -6464.3458
642700 -6103.9346
642800 -5876.5246
642900 -6028.1741
643000 -6392.1776
643100 -6617.2265
643200 -6554.4485
643300 -6296.9067
643400 -6023.9135
643500 -5880.6483
643600 -5932.436
643700 -6156.3952
643800 -6443.4982
643900 -6621.1054
644000 -6534.4049
644100 -6200.6244
644200 -5902.8529
644300 -5954.4927
644400 -6298.2352
644500 -6585.611
644600 -6596.1019
644700 -6372.6371
644800 -6087.026
644900 -5900.2301
645000 -5899.9287
645100 -6086.2544
645200 -6371.7818
645300 -6595.7108
645400 -6586.0929
645500 -6299.357
645600 -5955.2289
645700 -5902.3947
645800 -6199.4854
645900 -6533.6975
646000 -6621.2923
646100 -6444.2874
646200 -6157.235
646300 -5932.8831
646400 -5880.5015
646500 -6023.2366
646600 -6296.0238
646700 -6553.8838
646800 -6617.469
646900 -6393.2068
647000 -6029.1255
647100 -5876.3845
647200 -6102.8617
647300 -6463.444
647400 -6627.6809
647500 -6508.4692
647600 -6232.0573
647700 -5977.6229
647800 -5874.7288
647900 -5969.4528
648000 -6219.4948
648100 -6498.5258
648200 -6627.9985
648300 -6476.186
648400 -6118.3674
648500 -5878.7556
648600 -6015.68
648700 -6378.308
648800 -6613.7254
648900 -6561.8089
649000 -6308.6764
649100 -6033.0613
649200 -5882.7795
649300 -5926.6246
649400 -6145.2487
649500 -6432.8755
649600 -6618.3734
649700 -6543.608
649800 -6215.8445
649900 -5909.2976
650000 -5944.9484
650100 -6283.2081
650200 -6578.9214
650300 -6601.1095
650400 -6383.9968
650500 -6097.4114
650600 -5904.4178
650700 -5896.0738
650800 -6076.0502
650900 -6360.3193
651000 -6590.2846
651100 -6592.2642
651200 -6314.2591
651300 -5965.3237
651400 -5896.6163
651500 -6184.3175
651600 -6524.0254
651700 -6623.5456
651800 -6454.721
651900 -6168.4997
652000 -5939.0023
652100 -5878.7176
652200 -6014.3237
652300 -6284.2345
652400 -6546.1788
652500 -6620.4384
652600 -6406.7985
652700 -6042.0121
652800 -5874.8791
652900 -6088.6681
653000 -6451.2223
653100 -6626.8851
653200 -6517.4538
653300 -6243.7889
653400 -5985.4865
653500 -5875.0683
653600 -5962.1214
653700 -6207.8642
653800 -6489.0229
653900 -6627.7981
654000 -6487.656
654100 -6132.995
654200 -5881.6567
654300 -6003.5764
654400 -6364.2006
654500 -6609.7295
654600 -6568.8371
654700 -6320.4158
654800 -6042.4204
654900 -5885.2325
655000 -5921.1039
655100 -6134.2221
655200 -6422.0897
655300 -6615.204
655400 -6552.365
655500 -6231.0857
655600 -5916.3483
655700 -5935.9364
655800 -6268.0898
655900 -6571.7547
656000 -6605.7177
656100 -6395.2481
656200 -6107.9567
656300 -5908.912
656400 -5892.5312
656500 -6066.0231
656600 -6348.7737
656700 -6584.4791
656800 -6597.949
656900 -6329.0204
657000 -5975.9095
657100 -5891.4704
657200 -6169.2254
657300 -6513.9274
657400 -6625.3464
657500 -6464.9659
657600 -6179.8642
657700 -5945.4033
657800 -5877.2582
657900 -6005.6364
658000 -6272.439
658100 -6538.1651
658200 -6622.9141
658300 -6420.1117
658400 -6055.2378
658500 -5874.0518
658600 -6074.7246
658700 -6438.662
658800 -6625.6032
658900 -6526.1699
659000 -6255.5526
659100 -5993.5976
659200 -5875.7347
659300 -5955.0548
659400 -6196.2987
659500 -6479.2888
659600 -6627.1246
659700 -6498.7418
659800 -6147.7906
659900 -5885.2217
660000 -5991.8871
660100 -6349.8763
660200 -6605.2394
660300 -6575.522
660400 -6332.1132
660500 -6051.9833
660600 -5888.0053
660700 -5915.8779
660800 -6123.3247
660900 -6411.1532
661000 -6611.6051
661100 -6560.6676
661200 -6246.3221
661300 -5923.9903
661400 -5927.4752
661500 -6252.905
661600 -6564.1163
661700 -6609.9173
661800 -6406.3789
661900 -6118.6531
662000 -5913.7095
662100 -5889.3034
662200 -6056.1813
662300 -6337.1572
662400 -6578.3046
662500 -6603.1444
662600 -6343.6181
662700 -5986.9649
662800 -5886.9677
662900 -6154.2361
663000 -6503.4148
663100 -6626.6881
663200 -6475.0096
663300 -6191.3186
663400 -5952.0814
663500 -5876.1242
663600 -5997.1814
663700 -6260.6485
663800 -6529.8541
663900 -6624.8973
664000 -6433.128
664100 -6068.7772
664200 -5873.9047
664300 -6061.0576
664400 -6425.7797
664500 -6623.8323
664600 -6534.6058
664700 -6267.3374
664800 -6001.9501
664900 -5876.7277
665000 -5948.2583
665100 -6184.8086
665200 -6469.3359
665300 -6625.9835
665400 -6509.4302
665500 -6162.7273
665600 -5889.4431
665700 -5980.6354
665800 -6335.3564
665900 -6600.2566
666000 -6581.8529
666100 -6343.7567
666200 -6061.7426
666300 -5891.0962
666400 -5910.9502
666500 -6112.5656
666600 -6400.0785
666700 -6607.585
666800 -6568.508
666900 -6261.528
667000 -5932.2077
667100 -5919.5823
667200 -6237.6787
667300 -6556.0127
667400 -6613.6995
667500 -6417.3767
667600 -6129.4918
667700 -5918.8069
667800 -5886.3928
667900 -6046.5325
668000 -6325.4816
668100 -6571.7715
668200 -6607.8478
668300 -6358.0297
668400 -5998.4677
668500 -5883.1177
668600 -6139.3762
668700 -6492.4994
668800 -6627.5645
668900 -6484.8398
669000 -6202.8527
669100 -5959.0317
669200 -5875.3164
669300 -5988.9651
669400 -6248.8743
669500 -6521.2578
669600 -6626.3904
669700 -6445.8297
669800 -6082.6043
669900 -5874.4378
670000 -6047.693
670100 -6412.5927
670200 -6621.5699
670300 -6542.7495
670400 -6279.1322
670500 -6010.5377
670600 -5878.0464
670700 -5941.7369
670800 -6173.404
670900 -6459.1766
671000 -6624.3805
671100 -6519.7089
671200 -6177.7782
671300 -5894.3121
671400 -5969.8438
671500 -6320.6631
671600 -6594.7832
671700 -6587.8193
671800 -6355.3345
671900 -6071.6905
672000 -5894.5029
672100 -5906.3244
672200 -6101.9539
672300 -6388.8778
672400 -6603.1524
672500 -6575.8796
672600 -6276.6781
672700 -5940.9836
672800 -5912.274
672900 -6222.4364
673000 -6547.4513
673100 -6617.0557
673200 -6428.2291
673300 -6140.4636
673400 -5924.2006
673500 -5883.8012
673600 -6037.0843
673700 -6313.7589
673800 -6564.8905
673900 -6612.0576
674000 -6372.2335
674100 -6010.395
674200 -5879.9286
674300 -6124.6726
674400 -6481.1939
674500 -6627.9702
674600 -6494.4443
674700 -6214.4564
674800 -5966.2493
674900 -5874.8355
675000 -5980.9937
675100 -6237.1274
675200 -6512.3879
675300 -6627.3961
675400 -6458.1998
675500 -6096.6929
675600 -5875.6502
675700 -6034.6566
675800 -6399.1192
675900 -6618.8142
676000 -6550.5895
676100 -6290.9256
676200 -6019.3539
676300 -5879.6901
676400 -5935.4952
676500 -6162.0949
676600 -6448.8231
676700 -6622.3221
676800 -6529.5665
676900 -6192.9166
677000 -5899.8183
677100 -5959.534
677200 -6305.819
677300 -6588.8219
677400 -6593.4108
677500 -6366.8344
677600 -6081.8191
677700 -5898.223
677800 -5902.0038
677900 -6091.4983
678000 -6377.5635
678100 -6598.3165
678200 -6582.7762
678300 -6291.7477
678400 -5950.3
678500 -5905.5655
678600 -6207.2039
678700 -6538.4401
678800 -6619.9778
678900 -6438.9239
679000 -6151.5594
679100 -5929.8868
679200 -5881.5306
679300 -6027.8442
679400 -6302.0009
679500 -6557.6724
679600 -6615.7728
679700 -6386.2085
679800 -6022.7232
679900 -5877.4071
680000 -6110.1522
680100 -6469.512
680200 -6627.9
680300 -6503.8106
680400 -6226.1191
680500 -5973.7286
680600 -5874.6817
680700 -5973.2732
680800 -6225.4189
680900 -6503.2564
681000 -6627.9177
681100 -6470.2223
681200 -6111.0166
681300 -5877.5393
681400 -6021.9736
681500 -6385.3779
681600 -6615.5641
681700 -6558.1142
681800 -6302.7062
681900 -6028.3918
682000 -5881.6576
682100 -5929.5379
682200 -6150.8913
682300 -6438.2878
682400 -6619.8151
682500 -6538.9925
682600 -6208.1159
682700 -5905.9503
682800 -5949.7269
682900 -6290.8475
683000 -6582.3764
683100 -6598.6174
683200 -6378.2444
683300 -6092.1202
683400 -5902.254
683500 -5897.9913
683600 -6081.2073
683700 -6366.1478
683800 -6593.0865
683900 -6589.1927
684000 -6306.7122
684100 -5960.1378
684200 -5899.4706
684300 -6192.0075
684400 -6528.988
684500 -6622.4581
684600 -6449.4487
684700 -6162.7697
684800 -5935.8612
684900 -5879.5825
685000 -6018.8193
685100 -6290.2192
685200 -6550.1285
685300 -6618.9932
685400 -6399.9342
685500 -6035.428
685600 -5875.5585
685700 -6095.8419
685800 -6457.4682
685900 -6627.3495
686000 -6512.9268
686100 -6237.8303
686200 -5981.4643
686300 -5874.8551
686400 -5965.8094
686500 -6213.7594
686600 -6493.8754
686700 -6627.9592
686800 -6481.882
686900 -6125.5487
687000 -5880.101
687100 -6009.6688
687200 -6371.3887
687300 -6611.8192
687400 -6565.3124
687500 -6314.4624
687600 -6037.6446
687700 -5883.9475
687800 -5923.8692
687900 -6139.8027
688000 -6427.5832
688100 -6616.8667
688200 -6547.977
688300 -6223.3496
688400 -5912.6952
688500 -5940.4424
688600 -6275.7724
688700 -6575.4512
688800 -6603.4295
688900 -6389.5523
689000 -6102.5854
689100 -5906.593
689200 -5894.2899
689300 -6071.0893
689400 -6354.6429
689500 -6587.4722
689600 -6595.1249
689700 -6321.5479
689800 -5970.4771
689900 -5894.0023
690000 -6176.8736
690100 -6519.1048
690200 -6624.4894
690300 -6459.7909
690400 -6174.0847
690500 -5942.1198
690600 -5877.9583
690700 -6010.0167
690800 -6278.4254
690900 -6542.27
691000 -6621.7193
691100 -6413.3911
691200 -6048.4848
691300 -5874.3868
691400 -6081.7682
691500 -6445.0778
691600 -6626.3147
691700 -6521.7807
691800 -6249.5791
691900 -5989.4505
692000 -5875.3556
692100 -5958.6077
692200 -6202.1596
692300 -6484.2571
692400 -6627.5252
692500 -6493.1645
692600 -6140.2624
692700 -5883.3299
692800 -5997.7663
692900 -6357.1719
693000 -6607.5799
693100 -6572.1729
693200 -6326.1826
693300 -6047.105
693400 -5886.5582
693500 -5918.4931
693600 -6128.8385
693700 -6416.7217
693800 -6613.4848
693900 -6556.5113
694000 -6238.5917
694100 -5920.039
694200 -5931.6994
694300 -6260.6182
694400 -6568.0514
694500 -6607.8376
694600 -6400.7457
694700 -6113.2062
694800 -5911.237
694900 -5890.9021
695000 -6061.1525
695100 -6343.0608
695200 -6581.4838
695300 -6600.569
695400 -6336.2315
695500 -5981.2969
695600 -5889.1718
695700 -6161.8288
695800 -6508.8012
695900 -6626.0649
696000 -6469.9382
696100 -6185.4947
696200 -5948.6578
696300 -5876.659
696400 -6001.4429
696500 -6266.6309
696600 -6534.1084
696700 -6623.9522
696800 -6426.5603
696900 -6061.8682
697000 -5873.8943
697100 -6067.9576
697200 -6432.3568
697300 -6624.7923
697400 -6530.3603
697500 -6261.3546
697600 -5997.6813
697700 -5876.183
697800 -5951.6735
697900 -6190.6299
698000 -6474.4137
698100 -6626.6207
698200 -6504.0561
698300 -6155.1308
698400 -5887.2192
698500 -5986.2897
698600 -6342.7485
698700 -6602.8469
698800 -6578.6848
698900 -6337.855
699000 -6056.7656
699100 -5889.4879
699200 -5913.4136
699300 -6118.0081
699400 -6405.7156
699500 -6609.6774
699600 -6564.5871
699700 -6253.8162
699800 -5927.9664
699900 -5923.516
700000 -6245.4098
700100 -6560.1831
700200 -6611.8327
700300 -6411.8125
700400 -6123.9738
700500 -5916.1827
700600 -5887.8302
700700 -6051.4047
700800 -6331.4137
700900 -6575.1313
701000 -6605.5224
701100 -6350.7403
701200 -5992.5754
701300 -5884.9895
701400 -6146.8999
701500 -6498.0886
701600 -6627.1782
701700 -6479.8784
701800 -6196.9897
701900 -5955.4706
702000 -5875.6856
702100 -5993.1047
702200 -6254.8471
702300 -6525.6555
702400 -6625.6938
702500 -6439.4238
702600 -6075.5525
702700 -5874.0823
702800 -6054.4363
702900 -6419.3222
703000 -6622.7796
703100 -6538.6537
703200 -6273.1457
703300 -6006.1504
703400 -5877.3365
703500 -5945.0119
703600 -6179.1806
703700 -6464.3576
703800 -6625.2514
703900 -6514.5443
704000 -6170.1271
704100 -5891.7607
704200 -5975.2618
704300 -6328.1404
704400 -6597.6222
704500 -6584.8375
704600 -6349.4676
704700 -6066.6188
704800 -5892.7346
704900 -5908.6341
705000 -6107.3205
705001 -6189.2671
